3.1809141372243885e-12	9.409922361444575e-10	1.e-12
3.1817269835205652e-12	1.0307393277409774e-9	1.0964782e-12
3.182686421947298e-12	1.129145489575194e-9	1.2022644e-12
3.1838197818813284e-12	1.2370463008337454e-9	1.3182567e-12
3.1851596521003638e-12	1.3553579281963096e-9	1.4454398e-12
3.186744147830111e-12	1.4850847584249438e-9	1.5848932e-12
3.188618797325097e-12	1.6273283384118495e-9	1.7378008e-12
3.1908368154634326e-12	1.7832964956737943e-9	1.9054607e-12
3.1934608324412955e-12	1.954313486142287e-9	2.0892961e-12
3.1965643128479857e-12	2.1418315390770477e-9	2.2908677e-12
3.200232254952112e-12	2.3474426772674563e-9	2.5118864e-12
3.20456378256121e-12	2.5728930563237717e-9	2.7542287e-12
3.2096727875960357e-12	2.820096923563429e-9	3.0199517e-12
3.2156898295444005e-12	3.091153466822814e-9	3.3113112e-12
3.22276315925929e-12	3.3883643093708295e-9	3.6307805e-12
3.23106021112538e-12	3.7142533321137925e-9	3.9810717e-12
3.2407682724393472e-12	4.071587699471369e-9	4.3651583e-12
3.252095030227926e-12	4.463401770024163e-9	4.7863009e-12
3.2652688081302775e-12	4.8930225831750075e-9	5.2480746e-12
3.2805382764242163e-12	5.364098136952583e-9	5.7543994e-12
3.2981723322252207e-12	5.880628264686389e-9	6.3095734e-12
3.3184595699234203e-12	6.446998958161403e-9	6.9183097e-12
3.3417077871308798e-12	7.068019010545546e-9	7.5857758e-12
3.368244099444433e-12	7.748961039708922e-9	8.3176377e-12
3.398415551026436e-12	8.495606602727493e-9	9.1201084e-12
3.4325901339259235e-12	9.314294666896643e-9	1.e-11
3.471159213452042e-12	1.0211975851846837e-8	1.0964782e-11
3.514539662963023e-12	1.119627076984103e-8	1.2022644e-11
3.563178818486915e-12	1.2275536375257871e-8	1.3182567e-11
3.6175575467695483e-12	1.345893537973558e-8	1.4454398e-11
3.678195848720802e-12	1.4756512562879356e-8	1.5848932e-11
3.745659171313785e-12	1.6179284109340803e-8	1.7378008e-11
3.8205644199215656e-12	1.7739328802224537e-8	1.9054607e-11
3.90358616518682e-12	1.9449889461502546e-8	2.0892961e-11
3.995464921936804e-12	2.1325488328363834e-8	2.2908677e-11
4.097013662735707e-12	2.338204524924106e-8	2.5118864e-11
4.2091286554870625e-12	2.5637020977936003e-8	2.7542287e-11
4.3327960864970056e-12	2.8109556763401512e-8	3.0199517e-11
4.46910401521657e-12	3.0820642757287246e-8	3.3113112e-11
4.619252676260541e-12	3.379329298184463e-8	3.6307805e-11
4.784566800607132e-12	3.7052743500012147e-8	3.9810717e-11
4.96650902179816e-12	4.0626662744850726e-8	4.3651583e-11
5.1666948221967286e-12	4.4545390634394496e-8	4.7863009e-11
5.386910278948056e-12	4.884219355948915e-8	5.2480746e-11
5.6291285774670915e-12	5.3553547245576115e-8	5.7543994e-11
5.895532875092616e-12	5.871944570780563e-8	6.3095734e-11
6.188539070491684e-12	6.43837445892922e-8	6.9183097e-11
6.510822010536121e-12	7.059452781274485e-8	7.5857758e-11
6.8653452470867516e-12	7.740451794289637e-8	8.3176377e-11
7.255395543191485e-12	8.487152748621977e-8	9.1201084e-11
7.6846193196504e-12	9.305894372129147e-8	1.e-10
8.157066786853147e-12	1.0203627120683005e-7	1.0964782e-10
8.677240162549544e-12	1.1187971520745707e-7	1.2022644e-10
9.250149727435495e-12	1.226728452341213e-7	1.3182567e-10
9.881376252506942e-12	1.3450728920479027e-7	1.4454398e-10
1.0577141158058254e-11	1.4748349651653702e-7	1.5848932e-10
1.1344391608206457e-11	1.6171163143469717e-7	1.7378008e-10
1.219089201245341e-11	1.7731248500931911e-7	1.9054607e-10
1.3125329430343718e-11	1.9441848948388214e-7	2.0892961e-10
1.4157437724095747e-11	2.131748721819611e-7	2.2908677e-10
1.5298133872671416e-11	2.3374083741615882e-7	2.5118864e-10
1.6559682434388803e-11	2.5629099963756614e-7	2.7542287e-10
1.795587382251001e-11	2.8101677938402084e-7	3.0199517e-10
1.9502236274019994e-11	3.0812808770138975e-7	3.3113112e-10
2.121627502625515e-11	3.378550758467101e-7	3.6307805e-10
2.311775022306205e-11	3.7045011751216815e-7	3.9810717e-10
2.522898767021354e-11	4.0618991224972883e-7	4.3651583e-10
2.7575245352556974e-11	4.453778772502401e-7	4.7863009e-10
3.018512451744258e-11	4.883466975019185e-7	5.2480746e-10
3.309104602139473e-11	5.354611552371308e-7	5.7543994e-10
3.632978794904791e-11	5.871212198865518e-7	6.3095734e-10
3.9943110792512024e-11	6.437654826279141e-7	6.9183097e-10
4.397846087769629e-11	7.058748235876551e-7	7.5857758e-10
4.848977631207796e-11	7.739765164569449e-7	8.3176377e-10
5.3538412762005014e-11	8.48648743129442e-7	9.1201084e-10
5.919417925078994e-11	9.305254430589504e-7	1.e-9
6.553653826597284e-11	1.020301740106598e-6	1.0964782e-9
7.265594807767095e-11	1.1187397792406782e-6	1.2022644e-9
8.065540592745893e-11	1.226675363206556e-6	1.3182567e-9
8.965217943555877e-11	1.3450248974559121e-6	1.4454398e-9
9.977976359944774e-11	1.4747930236609898e-6	1.5848932e-9
1.1119012550959032e-10	1.6170815562803393e-6	1.7378008e-9
1.2405622002951442e-10	1.7730986064230337e-6	1.9054607e-9
1.3857482198686623e-10	1.9441687295670796e-6	2.0892961e-9
1.5496975281425126e-10	2.1317444693492212e-6	2.2908677e-9
1.7349548116178832e-10	2.3374181825933093e-6	2.5118864e-9
1.944412791844439e-10	2.5629363769172375e-6	2.7542287e-9
2.1813577702793523e-10	2.8102136770313395e-6	3.0199517e-9
2.4495221986684975e-10	3.0813496770980895e-6	3.3113112e-9
2.753143476190107e-10	3.378646447175876e-6	3.6307805e-9
3.097030695808204e-10	3.7046283655129584e-6	3.9810717e-9
3.4866391609011406e-10	4.062063164111364e-6	4.3651583e-9
3.928155711080664e-10	4.453985860158504e-6	4.7863009e-9
4.428594320467548e-10	4.883724272219234e-6	5.2480746e-9
4.995903950794241e-10	5.354927331882048e-6	5.7543994e-9
5.63909111774782e-10	5.871595999894693e-6	6.3095734e-9
6.368357600502816e-10	6.438117636821167e-6	6.9183097e-9
7.195256532002948e-10	7.059302695003343e-6	7.5857758e-9
8.127222399185616e-10	7.74042702854661e-6	8.3176377e-9
9.1817482422973e-10	8.487273842952637e-6	9.1201084e-9
1.0376320491116753e-9	9.306184733888345e-6	1.e-8
1.1729469922145151e-9	0.000010204113732712202	1.0964782e-8
1.3262148908045791e-9	0.000011188685454777614	1.2022644e-8
1.499804540022436e-9	0.000012268261525230544	1.3182567e-8
1.6963941404588973e-9	0.000013452010073506893	1.4454398e-8
1.9190104902792226e-9	0.000014749982137177206	1.5848932e-8
2.1710755719296683e-9	0.000016173201098858742	1.7378008e-8
2.456456623822907e-9	0.000017733753998304698	1.9054607e-8
2.7795249831682306e-9	0.00001944489310810234	2.0892961e-8
3.1452207242953e-9	0.000021321151468622565	2.2908677e-8
3.559126086459224e-9	0.00002337846124994012	2.5118864e-8
4.027550589152808e-9	0.000025634297263522997	2.7542287e-8
4.557623198779505e-9	0.000028107816770043544	3.0199517e-8
5.157398498656964e-9	0.00003082002817248606	3.3113112e-8
5.835979665060441e-9	0.00003379396625961956	3.6307805e-8
6.603649408411273e-9	0.000037054890741593665	3.9810717e-8
7.472026857405634e-9	0.00004063049696128001	4.3651583e-8
8.454237728205538e-9	0.00004455115544834649	4.7863009e-8
9.565109491893144e-9	0.000048850167415111594	5.2480746e-8
1.0821390456627428e-8	0.000053564048190216985	5.7543994e-8
1.2242000290119925e-8	0.000058732836796662927	6.3095734e-8
1.3848321331765722e-8	0.00006440044051153152	6.9183097e-8
1.5665777767727666e-8	0.00007061504698413619	7.5857758e-8
1.7719141343098008e-8	0.00007742940911781777	8.3176377e-8
2.0038510288995112e-8	0.00008490141581535936	9.1201084e-8
2.2657715154820042e-8	0.00009309454093992809	1.e-7
2.561477039638313e-8	0.00010207838713799398	1.0964782e-7
2.8952361866935528e-8	0.00011192927071347143	1.2022644e-7
3.2718394862821835e-8	0.00012273088680757346	1.3182567e-7
3.696659479185388e-8	0.00013457500534046272	1.4454398e-7
4.1757168965274216e-8	0.0001475622361039418	1.5848932e-7
4.7157549853306526e-8	0.00016180292441063507	1.7378008e-7
5.324320609073508e-8	0.00017741806546108958	1.9054607e-7
6.00985367472443e-8	0.00019454032148405814	2.0892961e-7
6.781786416424545e-8	0.0002133151787435683	2.2908677e-7
7.650650573234773e-8	0.0002339021326744267	2.5118864e-7
8.634399250849196e-8	0.00025647626724682336	2.7542287e-7
9.750699432764198e-8	0.0002812294559301016	3.0199517e-7
1.1010255520834672e-7	0.00030837191882925866	3.3113112e-7
1.2431317613168552e-7	0.0003381343051253972	3.6307805e-7
1.40344421970655e-7	0.0003707695511389695	3.9810717e-7
1.5842779730369916e-7	0.00040655499182569996	4.3651583e-7
1.788239715375231e-7	0.0004457947618040676	4.7863009e-7
2.018263910577389e-7	0.0004888223558479674	5.2480746e-7
2.277653107839471e-7	0.0005360034698959011	5.7543994e-7
2.570122620377455e-7	0.0005877391041424687	6.3095734e-7
2.899850573939138e-7	0.0006444690118154897	6.9183097e-7
3.271532270504385e-7	0.0007066753830129218	7.5857758e-7
3.6904400676967533e-7	0.0007748869670783941	8.3176377e-7
4.1566501092228994e-7	0.0008496839059877156	9.1201084e-7
4.675739723165965e-7	0.0009317017515034016	1.e-6
5.256181648824462e-7	0.0010216374098469207	1.0964782e-6
5.903713779014679e-7	0.0011202551854974964	1.2022644e-6
6.623531080625593e-7	0.0012283932059058628	1.3182567e-6
7.41542920428443e-7	0.0013469712913295095	1.4454398e-6
8.288642957430561e-7	0.00147700041537109	1.5848932e-6
9.284020405639595e-7	0.0016195825971874593	1.7378008e-6
1.041679093149243e-6	0.001775930368084803	1.9054607e-6
1.1748786150048203e-6	0.0019473759873362884	2.0892961e-6
1.3259529962808467e-6	0.0021353764678249134	2.2908677e-6
1.4963420190311048e-6	0.0023415300761645643	2.5118864e-6
1.6884931951761289e-6	0.0025675903655423852	2.7542287e-6
1.905161259162205e-6	0.0028154798916045225	3.0199517e-6
2.149446569559346e-6	0.0030873071759472803	3.3113112e-6
2.4248378488607982e-6	0.003385384333209413	3.6307805e-6
2.7352602096450866e-6	0.0037122470445669405	3.9810717e-6
3.0851286107920526e-6	0.004070675754872101	4.3651583e-6
3.4794084780557684e-6	0.004463719779735736	4.7863009e-6
3.9236829002078225e-6	0.004894723014671723	5.2480746e-6
4.424228216317386e-6	0.005367352462593412	5.7543994e-6
4.988186989616674e-6	0.0058856303561877574	6.3095734e-6
5.6242156169819045e-6	0.006453974544470401	6.9183097e-6
6.3406725653824155e-6	0.007077214855699638	7.5857758e-6
7.147620701488154e-6	0.007760655148827373	8.3176377e-6
8.056364369607356e-6	0.008510112237225101	9.1201084e-6
9.079598944337852e-6	0.009331964851891361	0.00001
0.000010231578865154303	0.010233208439030842	0.000010964782
0.000011528304391406524	0.011221514106956158	0.000012022644
0.00001298773230886362	0.012305295664147045	0.000013182567
0.000014630008212148228	0.013493779788885479	0.000014454398
0.000016331642501656357	0.014797120578547788	0.000015848932
0.000018062551722569914	0.01622638128030515	0.000017378008
0.000020271780309902545	0.017793739586503224	0.000019054607
0.000022748570609736842	0.019512527171186837	0.000020892961
0.000025520724734000046	0.021397377157550707	0.000022908677
0.00002862222723467738	0.023464333562786533	0.000025118864
0.00003160139935297014	0.025731019484965315	0.000027542287
0.00003515739380492408	0.02821673196630371	0.000030199517
0.0000396413568578561	0.030942727998744472	0.000033113112
0.00004468571164676433	0.03393218482184582	0.000036307805
0.00005035954823104865	0.037210577213212644	0.000039810717
0.000056740166837316005	0.04080584184658988	0.000043651583
0.00006391354272629814	0.044748619759113734	0.000047863009
0.00007197501202711329	0.04907251485568403	0.000052480746
0.00008103005797170662	0.05381438075995929	0.000057543994
0.00009119487810984938	0.05901463412108389	0.000063095734
0.00010259510453131233	0.06471760268843453	0.000069183097
0.00011535316465625386	0.07097189565525706	0.000075857758
0.0001243448218848114	0.0778304975544882	0.000083176377
0.00013897349866422292	0.08535244254443015	0.000091201084
0.00015550891075718595	0.09360144720091855	0.0001
0.0001740691335241747	0.10264785613025548	0.00010964782
0.00019481918123663144	0.11256899323160341	0.00012022644
0.00021801895915751055	0.1234497010897052	0.00013182567
0.0002438852488978972	0.13538234275394728	0.00014454398
0.0002727079908529051	0.1484686004321334	0.00015848932
0.00030508324688271755	0.162820788951053	0.00017378008
0.000341304869492847	0.17856106105343658	0.00019054607
0.0003816708806808877	0.19582328995864673	0.00020892961
0.00042662836966096153	0.214754641535973	0.00022908677
0.00046348418502774335	0.23551735879486962	0.00025118864
0.0005001649536260353	0.2582879987781966	0.00027542287
0.0005293333064566188	0.2832586797792345	0.00030199517
0.0005556130055577741	0.3106403558480712	0.00033113112
0.0005810949123823647	0.3406659388227257	0.00036307805
0.0006072854481631336	0.373590368161659	0.00039810717
0.0006348111452972253	0.4096935838147305	0.00043651583
0.0006626730115384226	0.4492824439137512	0.00047863009
0.0006910060324990722	0.49269325298093686	0.00052480746
0.0007256297588321735	0.5402948515279992	0.00057543994
0.0007656414001944832	0.5924925186403731	0.00063095734
0.0008102404359949415	0.6497301746798273	0.00069183097
0.0008599682578905554	0.7124945894639422	0.00075857758
0.0009155323398988331	0.7813195093136566	0.00083176377
0.0009776845722804166	0.8567901798146579	0.00091201084
0.0010472044909958656	0.9395482010447221	0.001
0.0011248778153444222	1.0302969370830857	0.0010964782
0.0012120024834002103	1.1298091369656251	0.0012022644
0.0013099013782231568	1.238932046571618	0.0013182567
0.001418677529592163	1.358590574225647	0.0014454398
0.0015403494063346498	1.4898074349344155	0.0015848932
0.001673855525546051	1.6336937158585068	0.0017378008
0.0018245823117968222	1.7914773043964154	0.0019054607
0.0019942617076273406	1.964495732742997	0.0020892961
0.0021858565660629386	2.154229069824011	0.0022908677
0.002397365849983902	2.3622799533733425	0.0025118864
0.0026349005532017183	2.590432292363295	0.0027542287
0.00289797902560473	2.8406176002186045	0.0030199517
0.003187532681037416	3.1149592762363767	0.0033113112
0.0035123554366107007	3.4158120015876636	0.0036307805
0.0038705416906226735	3.745719206986372	0.0039810717
0.004263873610803621	4.107482882155352	0.0043651583
0.004698534879467201	4.504189897290742	0.0047863009
0.0051833635432751365	4.9392314124877315	0.0052480746
0.005716006196053538	5.416284868364098	0.0057543994
0.00630161633404343	5.939407316587953	0.0063095734
0.006946592841277185	6.513048031657612	0.0069183097
0.007672528414827996	7.142129864564217	0.0075857758
0.008484234281776668	7.831982787084833	0.0083176377
0.009392692988321348	8.588463532897956	0.0091201084
0.010417889879920015	9.4180095109077	0.01
0.011586800435970135	10.327681723992315	0.010964782
0.012935921283585925	11.325225118835544	0.012022644
0.014522001779301897	12.419160430941199	0.013182567
0.01643281806307068	13.618874446929757	0.014454398
0.01873557721275362	14.934525233430941	0.015848932
0.02154984216654412	16.377342283473727	0.017378008
0.0250334682639819	17.95965199916439	0.019054607
0.029393246330685605	19.694986661793127	0.020892961
0.03489779546926922	21.598209251145445	0.022908677
0.04189287954447761	23.68564315192728	0.025118864
0.050819295703918715	25.975229806392004	0.027542287
0.06223323049104977	28.486685518540586	0.030199517
0.07682890187534928	31.24169086537519	0.033113112
0.09546299260976449	34.26409057220109	0.036307805
0.11918020469954753	37.580121311829515	0.039810717
0.1400969658100135	41.21841175972118	0.043651583
0.16985960193234328	45.20977485103311	0.047863009
0.2113569127086936	49.58954886487154	0.052480746
0.2622553459400313	54.395879864858706	0.057543994
0.3249295799716006	59.67270813129262	0.063095734
0.40072753331828215	65.46489518495794	0.069183097
0.49175182101941906	71.82324929216861	0.075857758
0.600906049026796	78.8046980006481	0.083176377
0.7319705914295143	86.47236016439756	0.091201084
0.8886391005234283	94.89256721172539	0.1
1.0774861765343828	104.14117860254672	0.10964782
1.3090382550754012	114.30419290232739	0.12022644
1.5963528784438534	125.47133993347987	0.13182567
1.9608639208196634	137.7458187450846	0.14454398
2.43582980066527	151.24673461004863	0.15848932
3.0667652862539048	166.10307045914152	0.17378008
3.9187146017800165	182.46275844798367	0.19054607
5.081325836464617	200.49647780981022	0.20892961
6.673612874962207	220.4013674114014	0.22908677
8.849135167485722	242.40653889553366	0.25118864
11.80176015017147	266.77981709194603	0.27542287
15.77337658994828	293.835616756603	0.30199517
21.06566224135815	323.94466624471914	0.33113112
28.05838581578996	357.5459793716762	0.36307805
37.23797894435316	395.1656071865356	0.39810717
49.232668457641296	437.42967955002183	0.43651583
64.85917264978109	485.09368230843336	0.47863009
85.16378164475113	539.0760412175853	0.52480746
111.43206186547175	600.4954345757482	0.57543994
145.1516367591935	670.7109035762862	0.63095734
187.98041930799494	751.3749677911745	0.69183097
241.80875776511667	844.471958028115	0.75857758
308.93275954519953	952.3381680882652	0.83176377
392.3384557348956	1077.8385103159007	0.91201084
495.93232147504983	1224.4279229202737	1.
624.868434091895	1396.284451050187	1.0964782
786.1787514584582	1598.6568369441225	1.2022644
989.759158712464	1838.0329798185248	1.3182567
1250.5527323398376	2122.6922018195814	1.4454398
1593.6732779498468	2463.6014324379516	1.5848932
2070.167638097252	2876.2736387121695	1.7378008
2843.4913407474723	3386.2921764000193	1.9054607