# R_km  M_sun   [Miller et al. 2026, arXiv:2609.00965; zenodo 22131748, contour68_mr.txt, columns swapped M,R -> R,M]
9.162292484500083489e+00 1.356060193200012920e+00
9.053084872515288595e+00 1.369623969308925160e+00
8.984416465931158058e+00 1.383187745417837400e+00
8.962411819531473256e+00 1.396751521526749640e+00
8.956134974221669154e+00 1.410315297635661880e+00
8.971829775106614946e+00 1.423879073744574120e+00
9.018142527720934609e+00 1.437442849853486360e+00
9.091465787509690699e+00 1.451006625962398600e+00
9.168367215430187400e+00 1.461595669811282638e+00
9.189419106564669093e+00 1.464570402071311062e+00
9.307194754925495417e+00 1.478134178180223302e+00
9.393511072769760162e+00 1.485967668869906166e+00
9.456017879232483381e+00 1.491697954289135541e+00
9.618654930109334700e+00 1.504325849274704474e+00
9.631729686889313413e+00 1.505261730398047781e+00
9.830503800083789656e+00 1.518825506506960021e+00
9.843798787448907461e+00 1.519673326485276865e+00
1.006894264478848200e+01 1.532001420121793966e+00
1.007777445141114470e+01 1.532389282615872261e+00
1.029408650212805476e+01 1.541383655465151881e+00
1.047266406429791985e+01 1.545953058724784501e+00
1.051923035946762752e+01 1.547149881427422269e+00
1.074437421680720206e+01 1.550751828743716754e+00
1.096951807414677660e+01 1.552568156289336088e+00
1.119466193148634936e+01 1.553608995750406230e+00
1.141980578882592212e+01 1.552457198724039866e+00
1.164494964616549666e+01 1.550443050059657768e+00
1.187009350350507120e+01 1.548299741300952492e+00
1.198275795391134224e+01 1.545953058724784723e+00
1.209523736084464396e+01 1.543657692942302040e+00
1.232038121818421672e+01 1.538682672211920899e+00
1.253829078205465031e+01 1.532389282615872261e+00
1.254552507552379126e+01 1.532186394728850987e+00
1.277066893286336580e+01 1.523367556430794245e+00
1.287311071291070164e+01 1.518825506506960021e+00
1.299581279020293856e+01 1.511958769180633766e+00
1.310365323885294231e+01 1.505261730398047781e+00
1.322095664754251132e+01 1.495988103872733843e+00
1.326626380464290378e+01 1.491697954289135541e+00
1.336719940264535111e+01 1.478134178180223302e+00
1.343194926261940836e+01 1.464570402071311062e+00
1.344610050488208586e+01 1.452473035813508506e+00
1.344790391700170140e+01 1.451006625962398600e+00
1.344610050488208586e+01 1.450514092656761456e+00
1.340515082043642536e+01 1.437442849853486360e+00
1.335167176438026004e+01 1.423879073744574120e+00
1.324556487264790050e+01 1.410315297635661880e+00
1.322095664754251132e+01 1.408031607038790822e+00
1.309118183591323081e+01 1.396751521526749640e+00
1.299581279020293678e+01 1.390385433248644720e+00
1.288005909579861097e+01 1.383187745417837400e+00
1.277066893286336580e+01 1.376927108590283222e+00
1.263778038585400409e+01 1.369623969308925382e+00
1.254552507552379126e+01 1.365488479622083640e+00
1.233604463492724612e+01 1.356060193200012698e+00
1.232038121818421672e+01 1.355361390445092962e+00
1.209523736084464396e+01 1.346251240299411789e+00
1.196594508972507853e+01 1.342496417091100458e+00
1.187009350350507120e+01 1.339865618177790818e+00
1.164494964616549666e+01 1.334143068902174045e+00
1.141980578882592212e+01 1.330086222996618828e+00
1.134654972220585734e+01 1.328932640982188218e+00
1.119466193148634758e+01 1.326321217526672536e+00
1.096951807414677660e+01 1.323907686303475106e+00
1.074437421680720206e+01 1.322106099037156479e+00
1.051923035946762930e+01 1.320932983736228472e+00
1.029408650212805476e+01 1.321962917823935157e+00
1.006894264478848200e+01 1.324116321570093957e+00
9.843798787448907461e+00 1.326666469821722982e+00
9.747852181340821431e+00 1.328932640982188218e+00
9.618654930109334700e+00 1.331838433297176882e+00
9.393511072769761938e+00 1.340505352272782336e+00
9.357673614487103109e+00 1.342496417091100458e+00
9.168367215430187400e+00 1.355548807978639081e+00
9.162292484500083489e+00 1.356060193200012920e+00
