9.173015307266135565e+00 1.284743276383651711e+00
9.192997886139792740e+00 1.284676438228664175e+00
9.212980465013448139e+00 1.284618143051933004e+00
9.232963043887105314e+00 1.284580202106933022e+00
9.252945622760762490e+00 1.284555193181546873e+00
9.272928201634417888e+00 1.284533610559947192e+00
9.292910780508075064e+00 1.284535131578415479e+00
9.312893359381732239e+00 1.284549893798974107e+00
9.332875938255389414e+00 1.284566570001437258e+00
9.352858517129046589e+00 1.284611117717276985e+00
9.372841096002703765e+00 1.284668712740695051e+00
9.392020810641083628e+00 1.284748602600806588e+00
9.392823674876359163e+00 1.284751803953716465e+00
9.412806253750016339e+00 1.284839062548951860e+00
9.432788832623671738e+00 1.284932648169310632e+00
9.452771411497330689e+00 1.285043856293059061e+00
9.472753990370986088e+00 1.285173066687192334e+00
9.492736569244643263e+00 1.285320477725246491e+00
9.512719148118300438e+00 1.285480779101904059e+00
9.532701726991955837e+00 1.285651719784523195e+00
9.552684305865613013e+00 1.285838334688092388e+00
9.572666884739270188e+00 1.286047567175931716e+00
9.576593470261819618e+00 1.286089626505134476e+00
9.592649463612927363e+00 1.286254742742704016e+00
9.612632042486584538e+00 1.286463132098991657e+00
9.632614621360239937e+00 1.286690877355785245e+00
9.652597200233897112e+00 1.286929879625140272e+00
9.672579779107554288e+00 1.287193653736668608e+00
9.690186193207434684e+00 1.287430650409461919e+00
9.692562357981209686e+00 1.287461972758064066e+00
9.712544936854868638e+00 1.287742498444542472e+00
9.732527515728524037e+00 1.288027076006502014e+00
9.752510094602181212e+00 1.288322053241328868e+00
9.772492673475838387e+00 1.288631577165218145e+00
9.781442742971050208e+00 1.288771674313789362e+00
9.792475252349493786e+00 1.288939322903247753e+00
9.812457831223150961e+00 1.289261537941207569e+00
9.832440410096808137e+00 1.289592901667173885e+00
9.852422988970463535e+00 1.289955654379198347e+00
9.861214372346850610e+00 1.290112698218117027e+00
9.872405567844122487e+00 1.290304063333628237e+00
9.892388146717777886e+00 1.290661152140700985e+00
9.912370725591435061e+00 1.291027066848872362e+00
9.932353304465092236e+00 1.291411955193876304e+00
9.934537163487444644e+00 1.291453722122444692e+00
9.952335883338747635e+00 1.291788724594225890e+00
9.972318462212403034e+00 1.292174579072709939e+00
9.992301041086061986e+00 1.292575649622247358e+00
1.000303147244238211e+01 1.292794746026772135e+00
1.001228361995971916e+01 1.292974118594098831e+00
1.003226619883337634e+01 1.293398284320487868e+00
1.005224877770703173e+01 1.293816765251348588e+00
1.006710377209027385e+01 1.294135769931099800e+00
1.007223135658068891e+01 1.294241228247512643e+00
1.009221393545434609e+01 1.294652570352039955e+00
1.011219651432800148e+01 1.295082706738386769e+00
1.013012225647788966e+01 1.295476793835427465e+00
1.013217909320166044e+01 1.295522022309877785e+00
1.015216167207531583e+01 1.295963747043301861e+00
1.017214425094897301e+01 1.296409435255662324e+00
1.018950928140292511e+01 1.296817817739754908e+00
1.019212682982263019e+01 1.296877436046701471e+00
1.021210940869628558e+01 1.297335096424295120e+00
1.023209198756994276e+01 1.297798658432259833e+00
1.024709516469063075e+01 1.298158841644082573e+00
1.025207456644359993e+01 1.298273496930169468e+00
1.027205714531725533e+01 1.298726573154832975e+00
1.029203972419091428e+01 1.299192405723214039e+00
1.030504069938537448e+01 1.299499865548410238e+00
1.031202230306456968e+01 1.299667452527112799e+00
1.033200488193822686e+01 1.300149070096517701e+00
1.035198746081188403e+01 1.300652147114997881e+00
1.035945285411366257e+01 1.300840889452737681e+00
1.037197003968553943e+01 1.301144030139865571e+00
1.039195261855919661e+01 1.301622825549990869e+00
1.041193519743285378e+01 1.302124495128031745e+00
1.041417684835226964e+01 1.302181913357065346e+00
1.043191777630651096e+01 1.302628017376414205e+00
1.045190035518016813e+01 1.303122279500588787e+00
1.046750106541592196e+01 1.303522937261393011e+00
1.047188293405382353e+01 1.303629311968651949e+00
1.049186551292748071e+01 1.304104569278288661e+00
1.051184809180113788e+01 1.304612497273757610e+00
1.052217837533958900e+01 1.304863961165720454e+00
1.053183067067479328e+01 1.305099871648519594e+00
1.055181324954845223e+01 1.305594800259942456e+00
1.057179582842210586e+01 1.306123737588639866e+00
1.057485560943977809e+01 1.306204985070048119e+00
1.059177840729576481e+01 1.306646367787777985e+00
1.061176098616942198e+01 1.307180890443003562e+00
1.062522239725833373e+01 1.307546008974375562e+00
1.063174356504307738e+01 1.307718013582827021e+00
1.065172614391673456e+01 1.308265252775700827e+00
1.067170872279039173e+01 1.308830150753329757e+00
1.067369171898337044e+01 1.308887032878703449e+00
1.069169130166404713e+01 1.309394249863661708e+00
1.071167388053770608e+01 1.309967854567825940e+00
1.072070390616556779e+01 1.310228056783030670e+00
1.073165645941136148e+01 1.310533869115974248e+00
1.075163903828501866e+01 1.311120772256725742e+00
1.076659506587715143e+01 1.311569080687358335e+00
1.077162161715867583e+01 1.311716693883430596e+00
1.079160419603233123e+01 1.312323313744486741e+00
1.081000495704946829e+01 1.312910104591686000e+00
1.081158677490598841e+01 1.312960782748999744e+00
1.083156935377964558e+01 1.313615081397052631e+00
1.085026641641583822e+01 1.314251128496013887e+00
1.085155193265330276e+01 1.314294154050113628e+00
1.087153451152695993e+01 1.314967108218261682e+00
1.088955095050134503e+01 1.315592152400341108e+00
1.089151709040061533e+01 1.315659618004199061e+00
1.091149966927427251e+01 1.316391453350983731e+00
1.092638569005062443e+01 1.316933176304668773e+00
1.093148224814792968e+01 1.317114378007270714e+00
1.095146482702158508e+01 1.317847776181316988e+00
1.096270186096475285e+01 1.318274200208996438e+00
1.097144740589524403e+01 1.318600278687088068e+00
1.099142998476889943e+01 1.319370036872874685e+00
1.099764201666355845e+01 1.319615224113323659e+00
1.101141256364255661e+01 1.320137781531364851e+00
1.103139514251621378e+01 1.320915043916775833e+00
1.103243522772324070e+01 1.320956248017651546e+00
1.105137772138986918e+01 1.321717145972678864e+00
1.106527608583079925e+01 1.322297271921978989e+00
1.107136030026352458e+01 1.322552779949639046e+00
1.109134287913718353e+01 1.323421884587453690e+00
1.109628476665919372e+01 1.323638295826306654e+00
1.111132545801083893e+01 1.324274749497790005e+00
1.112731482832576191e+01 1.324979319730634320e+00
1.113130803688449788e+01 1.325151843944397667e+00
1.115129061575815328e+01 1.326010464421580437e+00
1.115822608512269021e+01 1.326320343634961763e+00
1.117127319463181045e+01 1.326925137011325972e+00
1.118659583023388215e+01 1.327661367539289206e+00
1.119125577350546763e+01 1.327875145821650005e+00
1.121123835237912303e+01 1.328798792461483691e+00
1.121554954299434037e+01 1.329002391443617093e+00
1.123122093125278020e+01 1.329736545184790231e+00
1.124388735342193257e+01 1.330343415347944536e+00
1.125120351012643738e+01 1.330693806106772570e+00
1.127096436135239799e+01 1.331684439252272201e+00
1.127118608900009455e+01 1.331695385833312262e+00
1.129116866787375173e+01 1.332673456174144455e+00
1.129821221047200908e+01 1.333025463156599866e+00
1.131115124674740713e+01 1.333670203796383902e+00
1.132474780862580310e+01 1.334366487060927309e+00
1.133113382562106253e+01 1.334689149546277598e+00
1.135095558153058626e+01 1.335707510965254974e+00
1.135111640449472148e+01 1.335715874031176753e+00
1.137109898336837688e+01 1.336761622150008932e+00
1.137644556275226648e+01 1.337048534869582639e+00
1.139108156224203583e+01 1.337821041107779774e+00
1.140162348417419480e+01 1.338389558773910082e+00
1.141106414111569123e+01 1.338901608657641296e+00
1.142632094068502369e+01 1.339730582678237747e+00
1.143104671998934840e+01 1.339991203286742927e+00
1.145031218559425312e+01 1.341071606582565412e+00
1.145102929886300558e+01 1.341110557780064605e+00
1.147101187773666098e+01 1.342223701303202787e+00
1.147439613682788462e+01 1.342412630486892855e+00
1.149099445661031815e+01 1.343359019897976570e+00
1.149782857345458353e+01 1.343753654391220520e+00
1.151097703548397533e+01 1.344500292128343766e+00
1.152148306547481837e+01 1.345094678295548185e+00
1.153095961435763073e+01 1.345637390379175402e+00
1.154461813480896737e+01 1.346435702199875628e+00
1.155094219323128968e+01 1.346799121280923384e+00
1.156767344333135128e+01 1.347776726104203293e+00
1.157092477210494508e+01 1.347966912630499392e+00
1.159042100653835483e+01 1.349117750008530958e+00
1.159090735097860225e+01 1.349146371419629897e+00
1.161088992985225765e+01 1.350322081941934149e+00
1.161318646129998555e+01 1.350458773912858623e+00
1.163087250872591483e+01 1.351499438439391243e+00
1.163591257404835311e+01 1.351799797817186066e+00
1.165085508759957200e+01 1.352718342488750336e+00
1.165777928271909758e+01 1.353140821721513509e+00
1.167083766647322918e+01 1.353913924849095896e+00
1.168044717892199102e+01 1.354481845625841174e+00
1.169082024534688635e+01 1.355098132230880381e+00
1.170280239181439796e+01 1.355822869530168839e+00
1.171080282422054353e+01 1.356316996081301962e+00
1.172449878052385230e+01 1.357163893434496282e+00
1.173078540309419893e+01 1.357551630532497722e+00
1.174616594021092553e+01 1.358504917338823947e+00
1.175076798196785433e+01 1.358787757428592480e+00
1.176764696394172738e+01 1.359845941243151612e+00
1.177075056084151328e+01 1.360039373230901294e+00
1.178917085639689866e+01 1.361186965147479055e+00
1.179073313971516868e+01 1.361282547593299697e+00
1.181071571858882763e+01 1.362526535778214587e+00
1.181073906577847765e+01 1.362527989051806721e+00
1.183069829746248303e+01 1.363771461402934815e+00
1.183222438177139857e+01 1.363869012956134164e+00
1.185068087633614020e+01 1.365074879049752443e+00
1.185275022560482583e+01 1.365210036860461829e+00
1.187066345520979738e+01 1.366413507488182244e+00
1.187275380803566094e+01 1.366551060764789494e+00
1.189064603408345278e+01 1.367699209316899145e+00
1.189362356719126801e+01 1.367892084669117159e+00
1.191062861295710995e+01 1.369012283350581338e+00
1.191387308298519265e+01 1.369233108573444602e+00
1.193061119183076713e+01 1.370392230761877883e+00
1.193322822911934367e+01 1.370574132477772267e+00
1.195059377070442252e+01 1.371782843702141541e+00
1.195250979464821306e+01 1.371915156382099710e+00
1.197057634957808148e+01 1.373176466117646655e+00
1.197169551415412059e+01 1.373256180286427597e+00
1.199055892845173688e+01 1.374588462134304301e+00
1.199068083324200629e+01 1.374597204190755040e+00
1.200897834081736626e+01 1.375938228095082483e+00
1.201054150732539405e+01 1.376051251885216598e+00
1.202771971694405373e+01 1.377279251999409926e+00
1.203052408619905123e+01 1.377484216807648654e+00
1.204589982197031262e+01 1.378620275903737813e+00
1.205050666507270662e+01 1.378963122168988420e+00
1.206367604258040060e+01 1.379961299808065256e+00
1.207048924394636380e+01 1.380483635049875257e+00
1.208122197687819721e+01 1.381302323712392921e+00
1.209047182282002098e+01 1.382027649587259877e+00
1.209828245666208346e+01 1.382643347616720586e+00
1.211045440169367637e+01 1.383587779704889442e+00
1.211550835127983916e+01 1.383984371521048029e+00
1.213043698056733533e+01 1.385166861971853791e+00
1.213245841154116889e+01 1.385325395425375694e+00
1.214926780359478187e+01 1.386666419329703359e+00
1.215041955944099072e+01 1.386761360799524390e+00
1.216541613291935064e+01 1.388007443234030802e+00
1.217040213831464790e+01 1.388421133412886199e+00
1.218164359955199672e+01 1.389348467138358467e+00
1.219038471718830507e+01 1.390090699522313455e+00
1.219739413939381834e+01 1.390689491042686132e+00
1.221036729606196225e+01 1.391789862065307304e+00
1.221319489090533850e+01 1.392030514947013575e+00
1.222880332127533087e+01 1.393371538851341240e+00
1.223034987493561943e+01 1.393507465095407571e+00
1.224419232840435612e+01 1.394712562755668905e+00
1.225033245380927482e+01 1.395238359466331346e+00
1.225978154540557874e+01 1.396053586659996348e+00
1.227031503268293200e+01 1.396996243568987994e+00
1.227476666323332921e+01 1.397394610564324013e+00
1.228991870659787367e+01 1.398735634468651678e+00
1.229029761155658917e+01 1.398769870361737944e+00
1.230483523714603677e+01 1.400076658372979121e+00
1.231028019043024457e+01 1.400583537037095816e+00
1.231919799350220757e+01 1.401417682277306787e+00
1.233026276930390175e+01 1.402468254304960915e+00
1.233336758133773614e+01 1.402758706181634452e+00
1.234775484764718634e+01 1.404099730085961895e+00
1.235024534817755892e+01 1.404332958466564474e+00
1.236199476466552838e+01 1.405440753990289560e+00
1.237022792705121432e+01 1.406227576851075245e+00
1.237610963219257343e+01 1.406781777894617003e+00
1.239001980431287286e+01 1.408122801798944668e+00
1.239021050592487327e+01 1.408141047600921736e+00
1.240395978459975268e+01 1.409463825703272111e+00
1.241019308479852867e+01 1.410082595435263153e+00
1.241764679316233178e+01 1.410804849607599776e+00
1.243017566367218407e+01 1.412061572156171119e+00
1.243102486922049188e+01 1.412145873511927441e+00
1.244450741268602556e+01 1.413486897416254884e+00
1.245015824254584302e+01 1.414040845109546751e+00
1.245820619845625821e+01 1.414827921320582549e+00
1.247014082141949842e+01 1.416052340297417445e+00
1.247128918647308460e+01 1.416168945224910214e+00
1.248459528864130519e+01 1.417509969129237657e+00
1.249012340029315560e+01 1.418075156062882369e+00
1.249776605542053964e+01 1.418850993033565322e+00
1.251010597916681455e+01 1.420149857442412955e+00
1.251050641244200179e+01 1.420192016937892987e+00
1.252344452376637562e+01 1.421533040842220430e+00
1.253008855804046817e+01 1.422231772228290891e+00
1.253636169835227143e+01 1.422874064746548095e+00
1.254894074653064884e+01 1.424215088650875760e+00
1.255007113691412712e+01 1.424334220458945754e+00
1.256195112066770747e+01 1.425556112555203203e+00
1.257005371578778252e+01 1.426420024190951263e+00
1.257451052107488465e+01 1.426897136459530868e+00
1.258691922146141451e+01 1.428238160363858533e+00
1.259003629466143970e+01 1.428579941322458691e+00
1.259926698089496888e+01 1.429579184268185976e+00
1.261001887353509687e+01 1.430782202430173955e+00
1.261129375807129982e+01 1.430920208172513641e+00
1.262362530306278074e+01 1.432261232076841306e+00
1.263000145240875227e+01 1.432988291400870473e+00
1.263545243130987572e+01 1.433602255981168749e+00
1.264737368223198466e+01 1.434943279885496414e+00
1.264998403128241122e+01 1.435248736762624766e+00
1.265888957434362183e+01 1.436284303789824079e+00
1.266996661015606662e+01 1.437619707655717338e+00
1.267001417041420019e+01 1.437625327694151522e+00
1.268110435892384480e+01 1.438966351598479188e+00
1.268994918902972202e+01 1.440080169509192931e+00
1.269177594354286676e+01 1.440307375502806853e+00
1.270237347012549023e+01 1.441648399407134296e+00
1.270993176790338097e+01 1.442627927459625647e+00
1.271282911476131439e+01 1.442989423311461961e+00
1.272345528980432761e+01 1.444330447215789626e+00
1.272991434677703637e+01 1.445197720050948043e+00
1.273348629143047539e+01 1.445671471120117069e+00
1.274327810940503980e+01 1.447012495024444734e+00
1.274989692565069355e+01 1.447977909539470254e+00
1.275248224435778610e+01 1.448353518928772399e+00
1.276171465190846099e+01 1.449694542833099842e+00
1.276987950452435072e+01 1.450955561257266435e+00
1.277041991613419825e+01 1.451035566737427507e+00
1.277908948118046339e+01 1.452376590641754950e+00
1.278726490776336533e+01 1.453717614546082615e+00
1.278986208339800612e+01 1.454152558231625481e+00
1.279537623033858118e+01 1.455058638450410280e+00
1.280338789250095743e+01 1.456399662354737723e+00
1.280984466227166507e+01 1.457582226364450895e+00
1.281072457719650970e+01 1.457740686259065610e+00
1.281796574733569116e+01 1.459081710163392831e+00
1.282500373462101884e+01 1.460422734067720496e+00
1.282982724114532047e+01 1.461410538882477628e+00
1.283159466026059725e+01 1.461763757972048161e+00
1.283786088249139823e+01 1.463104781876375604e+00
1.284375720476634974e+01 1.464445805780703491e+00
1.284902928004536093e+01 1.465786829685030934e+00
1.284980982001897942e+01 1.466001993864602948e+00
1.285391163162922545e+01 1.467127853589358377e+00
1.285855464471953624e+01 1.468468877493686264e+00
1.286256250105538257e+01 1.469809901398013707e+00
1.286671093982738157e+01 1.471150925302341150e+00
1.286979239889263660e+01 1.472345016654088790e+00
1.287019600743265713e+01 1.472491949206668815e+00
1.287354245259966312e+01 1.473832973110996480e+00
1.287657208886382776e+01 1.475173997015323923e+00
1.287930457628058178e+01 1.476515020919651811e+00
1.288151382708826631e+01 1.477856044823979254e+00
1.288326005521812334e+01 1.479197068728306697e+00
1.288472102851243761e+01 1.480538092632634140e+00
1.288570936776925535e+01 1.481879116536962027e+00
1.288634101155765777e+01 1.483220140441289470e+00
1.288649984571295093e+01 1.484561164345617135e+00
1.288638186068737035e+01 1.485902188249944800e+00
1.288585700750717322e+01 1.487243212154272243e+00
1.288531843555981915e+01 1.488584236058599908e+00
1.288422275884350299e+01 1.489925259962927573e+00
1.288303066745604397e+01 1.491266283867255016e+00
1.288133413196913679e+01 1.492607307771582681e+00
1.287943037963510484e+01 1.493948331675910346e+00
1.287699700047172158e+01 1.495289355580237789e+00
1.287412857886355333e+01 1.496630379484565676e+00
1.287101834639111253e+01 1.497971403388892675e+00
1.286979239889263482e+01 1.498436660413365651e+00
1.286759515536373932e+01 1.499312427293220562e+00
1.286374771415759000e+01 1.500653451197548227e+00
1.285973800301776038e+01 1.501994475101875670e+00
1.285512014578077888e+01 1.503335499006203335e+00
1.285031623624680641e+01 1.504676522910530778e+00
1.284980982001897765e+01 1.504811128674099274e+00
1.284531326283659425e+01 1.506017546814858665e+00
1.283980177155387281e+01 1.507358570719186108e+00
1.283381829206252611e+01 1.508699594623513329e+00
1.282982724114532047e+01 1.509527488174182697e+00
1.282734524636788898e+01 1.510040618527841216e+00
1.282045558461285140e+01 1.511381642432168881e+00
1.281336551763462239e+01 1.512722666336496324e+00
1.280984466227166507e+01 1.513339561493902474e+00
1.280578720955700689e+01 1.514063690240823989e+00
1.279776203528481560e+01 1.515404714145151654e+00
1.278986208339800612e+01 1.516661498489007665e+00
1.278933929792611757e+01 1.516745738049479097e+00
1.278071279116489478e+01 1.518086761953806763e+00
1.277211873085107641e+01 1.519427785858134428e+00
1.276987950452435250e+01 1.519748037555928022e+00
1.276281840656239552e+01 1.520768809762461871e+00
1.275297096266334940e+01 1.522109833666789536e+00
1.274989692565069355e+01 1.522513305339921352e+00
1.274294165081230723e+01 1.523450857571117201e+00
1.273260625263495349e+01 1.524791881475444644e+00
1.272991434677703637e+01 1.525122276475599836e+00
1.272163294499239683e+01 1.526132905379772309e+00
1.271041913461835371e+01 1.527473929284099974e+00
1.270993176790338097e+01 1.527530568689067891e+00
1.269878366100993006e+01 1.528814953188427417e+00
1.268994918902972380e+01 1.529807374353130189e+00
1.268687115741012050e+01 1.530155977092755082e+00
1.267475469154802781e+01 1.531497000997082747e+00
1.266996661015606662e+01 1.532035501225068153e+00
1.266286484129781620e+01 1.532838024901410190e+00
1.264998403128241122e+01 1.534175862297936010e+00
1.264995346204923976e+01 1.534179048805737855e+00
1.263651635865229750e+01 1.535520072710065520e+00
1.263000145240875227e+01 1.536164436877580419e+00
1.262305836541959003e+01 1.536861096614392963e+00
1.261001887353509687e+01 1.538132714864455908e+00
1.260930823482357077e+01 1.538202120518720628e+00
1.259562830763232633e+01 1.539543144423048293e+00
1.259003629466143970e+01 1.540060410724687134e+00
1.258113915834617380e+01 1.540884168327375736e+00
1.257005371578778252e+01 1.541899127881026788e+00
1.256649235145102850e+01 1.542225192231703623e+00
1.255169610395607016e+01 1.543566216136030844e+00
1.255007113691412712e+01 1.543709842543540489e+00
1.253641854954540236e+01 1.544907240040358509e+00
1.253008855804046817e+01 1.545439873718132517e+00
1.252076644684511209e+01 1.546248263944686174e+00
1.251010597916681277e+01 1.547165804509237352e+00
1.250511325630187542e+01 1.547589287849013617e+00
1.249012340029315560e+01 1.548828382743038024e+00
1.248889997354743464e+01 1.548930311753341282e+00
1.247252657378067475e+01 1.550271335657668725e+00
1.247014082141949842e+01 1.550460025949099263e+00
1.245565210743982831e+01 1.551612359561996390e+00
1.245015824254584302e+01 1.552043936045581107e+00
1.243835788053209157e+01 1.552953383466324055e+00
1.243017566367218585e+01 1.553589201699967726e+00
1.242122209691526180e+01 1.554294407370651498e+00
1.241019308479852867e+01 1.555143882238611663e+00
1.240373355388106447e+01 1.555635431274979164e+00
1.239021050592487327e+01 1.556665877347262583e+00
1.238612720362910480e+01 1.556976455179306829e+00
1.237022792705121432e+01 1.558119608701882708e+00
1.236744946525474376e+01 1.558317479083634272e+00
1.235024534817755892e+01 1.559520245409818040e+00
1.234819985905215667e+01 1.559658502987961937e+00
1.233026276930390175e+01 1.560856761170327456e+00
1.232814700614564529e+01 1.560999526892289602e+00
1.231028019043024457e+01 1.562179744634154765e+00
1.230775455020833675e+01 1.562340550796617045e+00
1.229029761155658917e+01 1.563445280192755860e+00
1.228667477578211020e+01 1.563681574700944710e+00
1.227031503268293200e+01 1.564712064742647790e+00
1.226531665024468687e+01 1.565022598605272375e+00
1.225033245380927482e+01 1.565965976600311116e+00
1.224391830232308820e+01 1.566363622509599818e+00
1.223034987493561943e+01 1.567194709733646496e+00
1.222187630719350437e+01 1.567704646413927483e+00
1.221036729606196047e+01 1.568378255040264069e+00
1.219893103186806371e+01 1.569045670318255148e+00
1.219038471718830507e+01 1.569542584386383055e+00
1.217566714815463769e+01 1.570386694222582591e+00
1.217040213831464790e+01 1.570685762978376809e+00
1.215179217377320775e+01 1.571727718126910256e+00
1.215041955944099072e+01 1.571805214368519277e+00
1.213043698056733533e+01 1.572924761603392341e+00
1.212775614342046993e+01 1.573068742031237921e+00
1.211045440169367637e+01 1.573975680226945784e+00
1.210220997100129381e+01 1.574409765935565364e+00
1.209047182282002098e+01 1.575047193623007047e+00
1.207713487382159023e+01 1.575750789839893251e+00
1.207048924394636380e+01 1.576098993514041258e+00
1.205128720527869923e+01 1.577091813744220694e+00
1.205050666507270662e+01 1.577131408416032166e+00
1.203052408619905123e+01 1.578121746783431423e+00
1.202417048611082251e+01 1.578432837648548137e+00
1.201054150732539405e+01 1.579106290226354403e+00
1.199668526430162707e+01 1.579773861552876024e+00
1.199055892845173688e+01 1.580071124155215223e+00
1.197057634957808148e+01 1.581016291935313456e+00
1.196842290586030089e+01 1.581114885457203467e+00
1.195059377070442252e+01 1.581945029611719455e+00
1.193947886611259968e+01 1.582455909361530910e+00
1.193061119183076535e+01 1.582846696705152878e+00
1.191062861295711173e+01 1.583674093411015837e+00
1.190768978100690845e+01 1.583796933265858575e+00
1.189064603408345278e+01 1.584519228445861128e+00
1.187483292043868488e+01 1.585137957170186240e+00
1.187066345520979738e+01 1.585299838995614996e+00
1.185068087633613843e+01 1.586058724674640930e+00
1.183917101034197827e+01 1.586478981074513683e+00
1.183069829746248303e+01 1.586792702960177159e+00
1.181071571858882763e+01 1.587515439848262710e+00
1.180169747663068236e+01 1.587820004978841348e+00
1.179073313971516868e+01 1.588190119072278250e+00
1.177075056084151328e+01 1.588859774311004447e+00
1.176131839860051898e+01 1.589161028883169013e+00
1.175076798196785610e+01 1.589518061615039723e+00
1.173078540309419893e+01 1.590157045857423901e+00
1.171929203322147295e+01 1.590502052787496456e+00
1.171080282422054353e+01 1.590751359884011951e+00
1.169082024534688635e+01 1.591343952163838837e+00
1.167257127915520165e+01 1.591843076691824121e+00
1.167083766647322918e+01 1.591890201972717023e+00
1.165085508759957200e+01 1.592418728391042482e+00
1.163087250872591483e+01 1.592923535679067637e+00
1.161987712669005290e+01 1.593184100596151564e+00
1.161088992985225943e+01 1.593401362527914644e+00
1.159090735097860225e+01 1.593877259407205038e+00
1.157092477210494508e+01 1.594312483621093346e+00
1.156096383942703198e+01 1.594525124500479230e+00
1.155094219323128968e+01 1.594747131249582672e+00
1.153095961435763073e+01 1.595180513469591776e+00
1.151097703548397533e+01 1.595593395200302966e+00
1.149712459952995047e+01 1.595866148404806673e+00
1.149099445661031815e+01 1.595987862749175701e+00
1.147101187773666098e+01 1.596374813096694822e+00
1.145102929886300558e+01 1.596751275471377074e+00
1.143104671998934840e+01 1.597097362899291051e+00
1.142435405771332313e+01 1.597207172309134338e+00
1.141106414111569123e+01 1.597430336264448192e+00
1.139108156224203583e+01 1.597778704118409721e+00
1.137109898336837688e+01 1.598082450855164538e+00
1.135111640449472148e+01 1.598392321495504476e+00
1.134097098161522688e+01 1.598548196213462003e+00
1.133113382562106430e+01 1.598703845654155353e+00
1.131115124674740713e+01 1.599008623898458881e+00
1.129116866787375173e+01 1.599289262495541708e+00
1.127118608900009455e+01 1.599543373392320555e+00
1.125120351012643738e+01 1.599805055718303448e+00
1.124454267551450570e+01 1.599889220117789446e+00
1.123122093125278020e+01 1.600061107762037027e+00
1.121123835237912303e+01 1.600311280300166228e+00
1.119125577350546763e+01 1.600540914414732452e+00
1.117127319463181045e+01 1.600757762138314888e+00
1.115129061575815328e+01 1.600941721568707177e+00
1.113130803688449788e+01 1.601124487006063024e+00
1.112033303992519251e+01 1.601230244022117111e+00
1.111132545801083893e+01 1.601321277458919834e+00
1.109134287913718353e+01 1.601482110552388427e+00
1.107136030026352458e+01 1.601624453885732269e+00
1.105137772138986918e+01 1.601744059955240607e+00
1.103139514251621378e+01 1.601853485878109051e+00
1.101141256364255661e+01 1.601962293152026318e+00
1.099142998476889943e+01 1.602043160884718764e+00
1.097144740589524403e+01 1.602112682529377885e+00
1.095146482702158508e+01 1.602167724096227763e+00
1.093148224814792968e+01 1.602217100188670695e+00
1.091149966927427428e+01 1.602239684100310146e+00
1.089151709040061533e+01 1.602248662147468750e+00
1.087153451152695993e+01 1.602227096507927495e+00
1.085155193265330276e+01 1.602192798526380191e+00
1.083156935377964558e+01 1.602132019723067291e+00
1.081158677490598841e+01 1.602066546159611082e+00
1.079160419603233123e+01 1.601975646600492631e+00
1.077162161715867583e+01 1.601868552003046009e+00
1.075163903828502043e+01 1.601745726459850694e+00
1.073165645941136148e+01 1.601598713854197831e+00
1.071167388053770786e+01 1.601428720665040162e+00
1.069169130166404713e+01 1.601237626948181836e+00
1.069094684534781337e+01 1.601230244022117111e+00
1.067170872279039173e+01 1.601048555200537127e+00
1.065172614391673456e+01 1.600837372047895890e+00
1.063174356504307738e+01 1.600592514490588369e+00
1.061176098616942198e+01 1.600334789310527084e+00
1.059177840729576481e+01 1.600070096144734055e+00
1.057964808359718489e+01 1.599889220117789446e+00
1.057179582842210763e+01 1.599776464234950790e+00
1.055181324954845223e+01 1.599473244885219581e+00
1.053183067067479328e+01 1.599140758382127991e+00
1.051184809180113788e+01 1.598793498639723865e+00
1.049879157389058015e+01 1.598548196213462003e+00
1.049186551292748071e+01 1.598422772260031044e+00
1.047188293405382353e+01 1.598022282030449048e+00
1.045190035518016813e+01 1.597616295244071116e+00
1.043320199765173051e+01 1.597207172309134338e+00
1.043191777630651096e+01 1.597180395135838982e+00
1.041193519743285378e+01 1.596734993825106530e+00
1.039195261855919838e+01 1.596271309073386213e+00
1.037533164848131761e+01 1.595866148404806673e+00
1.037197003968553943e+01 1.595785962060471963e+00
1.035198746081188403e+01 1.595283837266970650e+00
1.033200488193822686e+01 1.594747151420976117e+00
1.032389064485443697e+01 1.594525124500479230e+00
1.031202230306456968e+01 1.594209463556905071e+00
1.029203972419091428e+01 1.593635740646062171e+00
1.027695510451680327e+01 1.593184100596151564e+00
1.027205714531725533e+01 1.593043125560005713e+00
1.025207456644359993e+01 1.592450846173605772e+00
1.023272873282806117e+01 1.591843076691824121e+00
1.023209198756994276e+01 1.591823629910734672e+00
1.021210940869628558e+01 1.591195142961950193e+00
1.019212682982262841e+01 1.590526793950534090e+00
1.019141404604422974e+01 1.590502052787496456e+00
1.017214425094897301e+01 1.589832801597901746e+00
1.015358723066494129e+01 1.589161028883169013e+00
1.015216167207531583e+01 1.589111318703916309e+00
1.013217909320166044e+01 1.588386275694159577e+00
1.011715188033498336e+01 1.587820004978841348e+00
1.011219651432800148e+01 1.587634458381445679e+00
1.009221393545434609e+01 1.586860572826769733e+00
1.008273216270891481e+01 1.586478981074513683e+00
1.007223135658068891e+01 1.586075620763935934e+00
1.005224877770703173e+01 1.585275934766980921e+00
1.004890158597251038e+01 1.585137957170186018e+00
1.003226619883337634e+01 1.584456152392351047e+00
1.001679083030943929e+01 1.583796933265858575e+00
1.001228361995971916e+01 1.583610519080545620e+00
9.992301041086061986e+00 1.582747172980083716e+00
9.985618291322001738e+00 1.582455909361530910e+00
9.972318462212404810e+00 1.581876871605814472e+00
9.955785700684472772e+00 1.581114885457203467e+00
9.952335883338747635e+00 1.580960569933931747e+00
9.932353304465092236e+00 1.580038564736436335e+00
9.926735092127696447e+00 1.579773861552875580e+00
9.912370725591433285e+00 1.579101824082234318e+00
9.898636122910458468e+00 1.578432837648548137e+00
9.892388146717777886e+00 1.578128906842109380e+00
9.872405567844122487e+00 1.577136825860229408e+00
9.871522447080128160e+00 1.577091813744220694e+00
9.852422988970463535e+00 1.576126057858566298e+00
9.845279061132441001e+00 1.575750789839892807e+00
9.832440410096808137e+00 1.575087527649318364e+00
9.819692286240419676e+00 1.574409765935565364e+00
9.812457831223150961e+00 1.574030258939606464e+00
9.794564968960681739e+00 1.573068742031237921e+00
9.792475252349493786e+00 1.572954176593191145e+00
9.772492673475838387e+00 1.571835597340134338e+00
9.770613236367927001e+00 1.571727718126910256e+00
9.752510094602181212e+00 1.570731246026065175e+00
9.746463332324067252e+00 1.570386694222582591e+00
9.732527515728524037e+00 1.569574311415371959e+00
9.723620888881402635e+00 1.569045670318255148e+00
9.712544936854868638e+00 1.568411763251037705e+00
9.700481364847384214e+00 1.567704646413927483e+00
9.692562357981209686e+00 1.567230502756069788e+00
9.678471437010895073e+00 1.566363622509599818e+00
9.672579779107554288e+00 1.566006042699790379e+00
9.656706809765658761e+00 1.565022598605272375e+00
9.652597200233897112e+00 1.564766900795669269e+00
9.635304204963203389e+00 1.563681574700944710e+00
9.632614621360239937e+00 1.563511159589119570e+00
9.614670504598382905e+00 1.562340550796617045e+00
9.612632042486584538e+00 1.562210088425795229e+00
9.594036538873890407e+00 1.560999526892289602e+00
9.592649463612927363e+00 1.560908051929773999e+00
9.573848226030129638e+00 1.559658502987961937e+00
9.572666884739270188e+00 1.559580204691940697e+00
9.553888165253445308e+00 1.558317479083634272e+00
9.552684305865613013e+00 1.558235508024365945e+00
9.534768318465598469e+00 1.556976455179306829e+00
9.532701726991955837e+00 1.556833340705229496e+00
9.515461443012600995e+00 1.555635431274979164e+00
9.512719148118300438e+00 1.555444322514724753e+00
9.496406395005800860e+00 1.554294407370651498e+00
9.492736569244643263e+00 1.554030963552809563e+00
9.477883655893529991e+00 1.552953383466324055e+00
9.472753990370986088e+00 1.552576451083228282e+00
9.459784211310186208e+00 1.551612359561996390e+00
9.452771411497330689e+00 1.551093761110358127e+00
9.441682798405096833e+00 1.550271335657668725e+00
9.432788832623671738e+00 1.549603943881142420e+00
9.423867275424289147e+00 1.548930311753341282e+00
9.412806253750016339e+00 1.548069031171118048e+00
9.406689527021281805e+00 1.547589287849013395e+00
9.392823674876359163e+00 1.546508376682907526e+00
9.389526172341927435e+00 1.546248263944686174e+00
9.372841096002701988e+00 1.544913050354667527e+00
9.372768182939172021e+00 1.544907240040358509e+00
9.355891030608042058e+00 1.543566216136030844e+00
9.352858517129046589e+00 1.543316062245730258e+00
9.339639442869293262e+00 1.542225192231703401e+00
9.332875938255389414e+00 1.541673569150478151e+00
9.323199731792993106e+00 1.540884168327375736e+00
9.312893359381732239e+00 1.540021869177505165e+00
9.307159113447779575e+00 1.539543144423048293e+00
9.292910780508075064e+00 1.538337824426755374e+00
9.291303516827113640e+00 1.538202120518720628e+00
9.275520663035303315e+00 1.536861096614392963e+00
9.272928201634417888e+00 1.536638389633778301e+00
9.259939290586679306e+00 1.535520072710065520e+00
9.252945622760762490e+00 1.534909415090773388e+00
9.244480128364463312e+00 1.534179048805738077e+00
9.232963043887105314e+00 1.533153286547357830e+00
9.229396936540648966e+00 1.532838024901410190e+00
9.214151787056033882e+00 1.531497000997082747e+00
9.212980465013448139e+00 1.531392071809254185e+00
9.199089086566567985e+00 1.530155977092755082e+00
9.192997886139792740e+00 1.529610566838519592e+00
9.184134042676785015e+00 1.528814953188427417e+00
9.173015307266135565e+00 1.527798315920857686e+00
9.169437575026634590e+00 1.527473929284099752e+00
9.154996259493117350e+00 1.526132905379772531e+00
9.153032728392478390e+00 1.525951454745421598e+00
9.140419393870544695e+00 1.524791881475444644e+00
9.133050149518821215e+00 1.524096856896865360e+00
9.126118625832074116e+00 1.523450857571117201e+00
9.113067570645164039e+00 1.522193186859606584e+00
9.112190719185441878e+00 1.522109833666789536e+00
9.098226210933761493e+00 1.520768809762461871e+00
9.093084991771508641e+00 1.520266491110290108e+00
9.084356389647078700e+00 1.519427785858134428e+00
9.073102412897851465e+00 1.518316248014175418e+00
9.070755195175733476e+00 1.518086761953806763e+00
9.056915506161049123e+00 1.516745738049479097e+00
9.053119834024194290e+00 1.516367057339890412e+00
9.043312613533096567e+00 1.515404714145151654e+00
9.033137255150538891e+00 1.514359697318336639e+00
9.030220979248412050e+00 1.514063690240823989e+00
9.017069048841397816e+00 1.512722666336496324e+00
9.013154676276881716e+00 1.512321010696009882e+00
9.003896427039784101e+00 1.511381642432168881e+00
8.993172097403224541e+00 1.510227407689171297e+00
8.991404410209607789e+00 1.510040618527841216e+00
8.978615817200243043e+00 1.508699594623513551e+00
8.973189518529567366e+00 1.508117696044517064e+00
8.966004987024103201e+00 1.507358570719186108e+00
8.953881256625773943e+00 1.506017546814858443e+00
8.953206939655910190e+00 1.505942718905060707e+00
8.941548436597972938e+00 1.504676522910530778e+00
8.933224360782254792e+00 1.503737644193305689e+00
8.929579647291401301e+00 1.503335499006203335e+00
8.917617220130500399e+00 1.501994475101875670e+00
8.913241781908597616e+00 1.501487760903910784e+00
8.905903275867920854e+00 1.500653451197548449e+00
8.894417922295366097e+00 1.499312427293220562e+00
8.893259203034940441e+00 1.499174804738642841e+00
8.882872569468039714e+00 1.497971403388892897e+00
8.873276624161283266e+00 1.496819550809062926e+00
8.871658709274313992e+00 1.496630379484565454e+00
8.860420183775548963e+00 1.495289355580237789e+00
8.853294045287626091e+00 1.494407627559517060e+00
8.849481942619750185e+00 1.493948331675910346e+00
8.838652210936398745e+00 1.492607307771582681e+00
8.833311466413970692e+00 1.491923699075643928e+00
8.828063648510106276e+00 1.491266283867255016e+00
8.817614188388420260e+00 1.489925259962927573e+00
8.813328887540313517e+00 1.489361905735587577e+00
8.807216990001762724e+00 1.488584236058600130e+00
8.796906452887627736e+00 1.487243212154272243e+00
8.793346308666656341e+00 1.486767489707030432e+00
8.786671541541878128e+00 1.485902188249944800e+00
8.776665506881679235e+00 1.484561164345617135e+00
8.773363729793000942e+00 1.484109633110588522e+00
8.766660752489807251e+00 1.483220140441289470e+00
8.756951028577175222e+00 1.481879116536962027e+00
8.753381150919343767e+00 1.481377440793508971e+00
8.747179393343994747e+00 1.480538092632634140e+00
8.737497782232590993e+00 1.479197068728306697e+00
8.733398572045686592e+00 1.478611259383883825e+00
8.727975336592940891e+00 1.477856044823979254e+00
8.718651685210460300e+00 1.476515020919651588e+00
8.713415993172031193e+00 1.475740881815291505e+00
8.709424308992653962e+00 1.475173997015323923e+00
8.700190852337271963e+00 1.473832973110996480e+00
8.693433414298372242e+00 1.472812259847835037e+00
8.691232144388054692e+00 1.472491949206668815e+00
8.682051090799319581e+00 1.471150925302341150e+00
8.673450835424716843e+00 1.469860329384664155e+00
8.673104875405803327e+00 1.469809901398013707e+00
8.664008570031256795e+00 1.468468877493686264e+00
8.655412543020334581e+00 1.467127853589358377e+00
8.653468256551059667e+00 1.466823674142577527e+00
8.646514899166255930e+00 1.465786829685030934e+00
8.637909809471349121e+00 1.464445805780703491e+00
8.633485677677402492e+00 1.463737688008180715e+00
8.629365843234985789e+00 1.463104781876375604e+00
8.620641312309158977e+00 1.461763757972048161e+00
8.613503098803747093e+00 1.460608947368391641e+00
8.612306031757603009e+00 1.460422734067720496e+00
8.603699082951075994e+00 1.459081710163392831e+00
8.595437447675280396e+00 1.457740686259065388e+00
8.593520519930089918e+00 1.457420743067835645e+00
8.587165949945839927e+00 1.456399662354737723e+00
8.579107746001483292e+00 1.455058638450410280e+00
8.573537941056432743e+00 1.454106879944210062e+00
8.571140314162679630e+00 1.453717614546082837e+00
8.562860277525603081e+00 1.452376590641754950e+00
8.554828168458524118e+00 1.451035566737427507e+00
8.553555362182775568e+00 1.450817252933422452e+00
8.546764832763882325e+00 1.449694542833099842e+00
8.539004769218740520e+00 1.448353518928772399e+00
8.533572783309118392e+00 1.447404530616035689e+00
8.531219814341095997e+00 1.447012495024444734e+00
8.523430891514937713e+00 1.445671471120117069e+00
8.515887884951593989e+00 1.444330447215789626e+00
8.513590204435462994e+00 1.443913500082785184e+00
8.508260697255709104e+00 1.442989423311461961e+00
8.500675463996687498e+00 1.441648399407134296e+00
8.493607625561805818e+00 1.440351056444749700e+00
8.493358503817043825e+00 1.440307375502807075e+00
8.485865306215281123e+00 1.438966351598478965e+00
8.478670923382855662e+00 1.437625327694151522e+00
8.473625046688148643e+00 1.436660861007347467e+00
8.471573463417543692e+00 1.436284303789824079e+00
8.464424381891674898e+00 1.434943279885496414e+00
8.457631450998857048e+00 1.433602255981168749e+00
8.453642467814491468e+00 1.432791183808180824e+00
8.450892835557025862e+00 1.432261232076841306e+00
8.444189144143532388e+00 1.430920208172513641e+00
8.437688073430280156e+00 1.429579184268185976e+00
8.433659888940834293e+00 1.428733051191193093e+00
8.431161294346098956e+00 1.428238160363858533e+00
8.424652929474314433e+00 1.426897136459530868e+00
8.418432203828041693e+00 1.425556112555203203e+00
8.413677310067178894e+00 1.424476883238443348e+00
8.412474099970481234e+00 1.424215088650875760e+00
8.406192084429525480e+00 1.422874064746548095e+00
8.400328222466473704e+00 1.421533040842220430e+00
8.394740084678167236e+00 1.420192016937892987e+00
8.393694731193521719e+00 1.419938778890527331e+00
8.388934053902470822e+00 1.418850993033565544e+00
8.383227686044268268e+00 1.417509969129237657e+00
8.377909972066884592e+00 1.416168945224910214e+00
8.373712152319864543e+00 1.415088498857931087e+00
8.372647038520177887e+00 1.414827921320582327e+00
8.367375160917456256e+00 1.413486897416254884e+00
8.362335151766009389e+00 1.412145873511927441e+00
8.357450371748631923e+00 1.410804849607599776e+00
8.353729573446209145e+00 1.409753428260221986e+00
8.352646664529332909e+00 1.409463825703272111e+00
8.347818640796877077e+00 1.408122801798944668e+00
8.343249850061379647e+00 1.406781777894617003e+00
8.338803814676513326e+00 1.405440753990289560e+00
8.334756908408401443e+00 1.404099730085961895e+00
8.333746994572551969e+00 1.403766627021936220e+00
8.330515131656024863e+00 1.402758706181634452e+00
8.326300720826004920e+00 1.401417682277306564e+00
8.322409773889233975e+00 1.400076658372979121e+00
8.318568866863772726e+00 1.398735634468651678e+00
8.314963797398879919e+00 1.397394610564324013e+00
8.313764415698894794e+00 1.396932847118161236e+00
8.311337022740127978e+00 1.396053586659996348e+00
8.307780700279653985e+00 1.394712562755668905e+00
8.304307698610262634e+00 1.393371538851341240e+00
8.301205118981632936e+00 1.392030514947013575e+00
8.298157520096266282e+00 1.390689491042686132e+00
8.295028610714327399e+00 1.389348467138358467e+00
8.293781836825237619e+00 1.388738385257383356e+00
8.292184219242797028e+00 1.388007443234030802e+00
8.289423361218807074e+00 1.386666419329703359e+00
8.286662303791704431e+00 1.385325395425375694e+00
8.284147900167315726e+00 1.383984371521048029e+00
8.281780895168175505e+00 1.382643347616720586e+00
8.279420478324556854e+00 1.381302323712392921e+00
8.277408907978331953e+00 1.379961299808065256e+00
8.275451932418695478e+00 1.378620275903737813e+00
8.273799257951580444e+00 1.377452454447813501e+00
8.273539047860573703e+00 1.377279251999409926e+00
8.271635236905241939e+00 1.375938228095082483e+00
8.269810959967035302e+00 1.374597204190755040e+00
8.268313720494811392e+00 1.373256180286427375e+00
8.267031516021598136e+00 1.371915156382099710e+00
8.265772371491770798e+00 1.370574132477772267e+00
8.264719770392932929e+00 1.369233108573444602e+00
8.263621073671341577e+00 1.367892084669116937e+00
8.262835469610301686e+00 1.366551060764789494e+00
8.262208769627923388e+00 1.365210036860461829e+00
8.261675707557628812e+00 1.363869012956134164e+00
8.261530151309962378e+00 1.362527989051806721e+00
8.261343878110912087e+00 1.361186965147479055e+00
8.261532150205752600e+00 1.359845941243151612e+00
8.261806409058127798e+00 1.358504917338823947e+00
8.262221334735803779e+00 1.357163893434496282e+00
8.262698280977357257e+00 1.355822869530168839e+00
8.263675710974322186e+00 1.354481845625841174e+00
8.264785937196851506e+00 1.353140821721513509e+00
8.265951773436402306e+00 1.351799797817186288e+00
8.267355696944392207e+00 1.350458773912858401e+00
8.269007050355630994e+00 1.349117750008530958e+00
8.270877256197110228e+00 1.347776726104203293e+00
8.272650054287641552e+00 1.346435702199875628e+00
8.273799257951580444e+00 1.345794913864419851e+00
8.275025289476667822e+00 1.345094678295548185e+00
8.277634397806933109e+00 1.343753654391220742e+00
8.280236507128947210e+00 1.342412630486892855e+00
8.283061008242261991e+00 1.341071606582565412e+00
8.285941489923594361e+00 1.339730582678237525e+00
8.289349405083592970e+00 1.338389558773910082e+00
8.293062371589531523e+00 1.337048534869582639e+00
8.293781836825237619e+00 1.336786738538478403e+00
8.296666390823821402e+00 1.335707510965254974e+00
8.300695389463019325e+00 1.334366487060927309e+00
8.304781242517899287e+00 1.333025463156599866e+00
8.309236014713789586e+00 1.331684439252271979e+00
8.313764415698894794e+00 1.330461812832792523e+00
8.314195681306962626e+00 1.330343415347944536e+00
8.318946186386975583e+00 1.329002391443617093e+00
8.324054315443682128e+00 1.327661367539289428e+00
8.329810328992262924e+00 1.326320343634961985e+00
8.333746994572551969e+00 1.325448470502565090e+00
8.335878350708275875e+00 1.324979319730634320e+00
8.342060631856508479e+00 1.323638295826306654e+00
8.348510515313817493e+00 1.322297271921978989e+00
8.353729573446209145e+00 1.321321825184387677e+00
8.355669586881122157e+00 1.320956248017651546e+00
8.362992512906490816e+00 1.319615224113323881e+00
8.370931561269710386e+00 1.318274200208996660e+00
8.373712152319864543e+00 1.317819305343510994e+00
8.379141201091737656e+00 1.316933176304668773e+00
8.387627239513395949e+00 1.315592152400341108e+00
8.393694731193521719e+00 1.314704253894722452e+00
8.396840237012140662e+00 1.314251128496013665e+00
8.406435589177322143e+00 1.312910104591686000e+00
8.413677310067178894e+00 1.311953901545006573e+00
8.416600632800678383e+00 1.311569080687358335e+00
8.427253630540075591e+00 1.310228056783030892e+00
8.433659888940834293e+00 1.309403688512086106e+00
8.437793232612946781e+00 1.308887032878703227e+00
8.448924457659208187e+00 1.307546008974375340e+00
8.453642467814491468e+00 1.307049192748082511e+00
8.462043293689440304e+00 1.306204985070048119e+00
8.473625046688148643e+00 1.305067534786288785e+00
8.475751440343232801e+00 1.304863961165720454e+00
8.490498825709572372e+00 1.303522937261393011e+00
8.493607625561805818e+00 1.303251521031503657e+00
8.506300585425504934e+00 1.302181913357065124e+00
8.513590204435462994e+00 1.301603043020680861e+00
8.523674644809773326e+00 1.300840889452737681e+00
8.533572783309118392e+00 1.300113644606589514e+00
8.542434202155630985e+00 1.299499865548410238e+00
8.553555362182775568e+00 1.298774980421648184e+00
8.563410235405921611e+00 1.298158841644082573e+00
8.573537941056432743e+00 1.297532177601023129e+00
8.585842911995090532e+00 1.296817817739754908e+00
8.593520519930089918e+00 1.296382369022731851e+00
8.610404239779317237e+00 1.295476793835427465e+00
8.613503098803747093e+00 1.295318398917427727e+00
8.633485677677402492e+00 1.294386691794765953e+00
8.639164356270978118e+00 1.294135769931099800e+00
8.653468256551059667e+00 1.293518946661740054e+00
8.671938323815522764e+00 1.292794746026772135e+00
8.673450835424715066e+00 1.292736234201941503e+00
8.693433414298372242e+00 1.292018443517958470e+00
8.710684121569224558e+00 1.291453722122444692e+00
8.713415993172029417e+00 1.291363161912502777e+00
8.733398572045686592e+00 1.290732695483524983e+00
8.753381150919343767e+00 1.290159105771234049e+00
8.755172273920528880e+00 1.290112698218117027e+00
8.773363729793000942e+00 1.289638567566003813e+00
8.793346308666656341e+00 1.289145244723350459e+00
8.810229156802652284e+00 1.288771674313789362e+00
8.813328887540313517e+00 1.288702361433475163e+00
8.833311466413970692e+00 1.288282322674107583e+00
8.853294045287626091e+00 1.287899672890056912e+00
8.873276624161283266e+00 1.287550507391341359e+00
8.880482528467744885e+00 1.287430650409461919e+00
8.893259203034940441e+00 1.287219801471912284e+00
8.913241781908597616e+00 1.286933397687340053e+00
8.933224360782254792e+00 1.286659060134718313e+00
8.953206939655910190e+00 1.286424761959244600e+00
8.973189518529567366e+00 1.286200976686696640e+00
8.984345892519078447e+00 1.286089626505134254e+00
8.993172097403224541e+00 1.285999862240286618e+00
9.013154676276881716e+00 1.285800496546963378e+00
9.033137255150538891e+00 1.285624348441736897e+00
9.053119834024194290e+00 1.285447019686664749e+00
9.073102412897851465e+00 1.285294981678521520e+00
9.093084991771508641e+00 1.285157780850548992e+00
9.113067570645164039e+00 1.285037474188506890e+00
9.133050149518821215e+00 1.284940727051877785e+00
9.153032728392478390e+00 1.284837547100794009e+00
9.171936781276937012e+00 1.284748602600806588e+00
9.173015307266135565e+00 1.284743276383651711e+00
