8.773363729793000942e+00 1.231010734774710569e+00
8.793346308666656341e+00 1.230896679437553987e+00
8.813328887540313517e+00 1.230815281194726385e+00
8.833311466413970692e+00 1.230728762724900616e+00
8.853294045287626091e+00 1.230653038883918082e+00
8.873276624161283266e+00 1.230616363761537935e+00
8.893259203034940441e+00 1.230683708965859102e+00
8.913241781908597616e+00 1.230640172655133924e+00
8.933224360782254792e+00 1.230619233313629435e+00
8.953206939655910190e+00 1.230613623491802588e+00
8.973189518529567366e+00 1.230595554551884074e+00
8.993172097403224541e+00 1.230646417626180433e+00
9.013154676276881716e+00 1.230694098142039117e+00
9.033137255150538891e+00 1.230689660311984790e+00
9.053119834024194290e+00 1.230688153761305914e+00
9.073102412897851465e+00 1.230731934780115111e+00
9.093084991771508641e+00 1.230773584318110458e+00
9.113067570645164039e+00 1.230828651429368925e+00
9.133050149518821215e+00 1.230893860413917906e+00
9.153032728392476614e+00 1.230958235918497623e+00
9.173015307266135565e+00 1.231023757474965619e+00
9.192997886139792740e+00 1.231088679771591199e+00
9.197356994039679989e+00 1.231107646427703095e+00
9.212980465013448139e+00 1.231171828835921023e+00
9.232963043887105314e+00 1.231242070581109571e+00
9.252945622760762490e+00 1.231320739255841623e+00
9.272928201634417888e+00 1.231405426727818053e+00
9.292910780508075064e+00 1.231490655233921538e+00
9.312893359381732239e+00 1.231573579777710314e+00
9.332875938255389414e+00 1.231664341027554066e+00
9.352858517129046589e+00 1.231744751850667008e+00
9.372841096002701988e+00 1.231817805192824355e+00
9.392823674876359163e+00 1.231905961041874553e+00
9.412806253750016339e+00 1.232016624293090334e+00
9.432788832623671738e+00 1.232083871270887032e+00
9.452771411497330689e+00 1.232165257823472082e+00
9.472753990370984312e+00 1.232256764367170465e+00
9.492736569244643263e+00 1.232332409844162369e+00
9.512719148118302215e+00 1.232445382001384315e+00
9.513478536566751131e+00 1.232448670332030760e+00
9.532701726991955837e+00 1.232522446182111375e+00
9.552684305865611236e+00 1.232575457191136703e+00
9.572666884739270188e+00 1.232699138850162468e+00
9.592649463612927363e+00 1.232789930791313271e+00
9.612632042486584538e+00 1.232874037444333659e+00
9.632614621360239937e+00 1.232961181626140323e+00
9.652597200233897112e+00 1.233037471999606005e+00
9.672579779107554288e+00 1.233136787382666411e+00
9.692562357981209686e+00 1.233216368117072248e+00
9.712544936854868638e+00 1.233342828167637073e+00
9.732527515728524037e+00 1.233481693564142834e+00
9.752510094602182988e+00 1.233594575531780535e+00
9.772492673475838387e+00 1.233720441355401487e+00
9.786808389890950366e+00 1.233789694236358425e+00
9.792475252349493786e+00 1.233816007686715288e+00
9.812457831223150961e+00 1.233935059309016369e+00
9.832440410096808137e+00 1.234063667706118084e+00
9.852422988970463535e+00 1.234228052085270200e+00
9.872405567844122487e+00 1.234403506842805420e+00
9.892388146717777886e+00 1.234573390907211632e+00
9.912370725591435061e+00 1.234767754783574922e+00
9.932353304465092236e+00 1.234975183143841360e+00
9.946945716276330174e+00 1.235130718140685868e+00
9.952335883338747635e+00 1.235185408736885204e+00
9.972318462212404810e+00 1.235414503157299615e+00
9.992301041086061986e+00 1.235621483574068202e+00
1.001228361995971916e+01 1.235858535329964702e+00
1.003226619883337634e+01 1.236109126386638613e+00
1.005224877770703173e+01 1.236384946232952586e+00
1.005868193147149015e+01 1.236471742045013533e+00
1.007223135658068891e+01 1.236649500132862567e+00
1.009221393545434609e+01 1.236909036283805330e+00
1.011219651432800148e+01 1.237173569418252406e+00
1.013217909320166044e+01 1.237457803562501235e+00
1.015216167207531761e+01 1.237728184884540950e+00
1.015780360314340669e+01 1.237812765949341198e+00
1.017214425094897301e+01 1.238005104104267007e+00
1.019212682982263019e+01 1.238270362660002011e+00
1.021210940869628558e+01 1.238557752945404600e+00
1.023209198756994276e+01 1.238837401746151645e+00
1.025207456644359993e+01 1.239130648456508776e+00
1.025366378916401189e+01 1.239153789853668641e+00
1.027205714531725533e+01 1.239414385542600749e+00
1.029203972419091428e+01 1.239714016779751349e+00
1.031202230306456968e+01 1.240019892734863571e+00
1.033200488193822686e+01 1.240336690155670496e+00
1.034214407088785315e+01 1.240494813757996306e+00
1.035198746081188403e+01 1.240642251872878576e+00
1.037197003968553943e+01 1.240935543649061890e+00
1.039195261855919661e+01 1.241232714701028250e+00
1.041193519743285378e+01 1.241540732281047887e+00
1.042876728730722036e+01 1.241835837662323971e+00
1.043191777630651096e+01 1.241888480921591764e+00
1.045190035518016813e+01 1.242205388542210631e+00
1.047188293405382353e+01 1.242552746997771074e+00
1.049186551292748071e+01 1.242902699222478535e+00
1.050727750864091092e+01 1.243176861566651414e+00
1.051184809180113788e+01 1.243255833686316425e+00
1.053183067067479328e+01 1.243563363986901482e+00
1.055181324954845223e+01 1.243900934346414466e+00
1.057179582842210763e+01 1.244268761738760887e+00
1.058489167631841177e+01 1.244517885470979079e+00
1.059177840729576481e+01 1.244645478300925978e+00
1.061176098616942198e+01 1.245046898914055955e+00
1.063174356504307738e+01 1.245481872935994883e+00
1.065022646372700876e+01 1.245858909375306744e+00
1.065172614391673456e+01 1.245887872358163007e+00
1.067170872279039173e+01 1.246343279437698071e+00
1.069169130166404713e+01 1.246747877864121001e+00
1.071167388053770608e+01 1.247156133263884747e+00
1.071383507557894177e+01 1.247199933279634187e+00
1.073165645941136148e+01 1.247539644716075369e+00
1.075163903828501866e+01 1.247955479974121262e+00
1.077162161715867583e+01 1.248379139119059511e+00
1.077889262233063761e+01 1.248540957183961853e+00
1.079160419603233123e+01 1.248813157521234452e+00
1.081158677490598841e+01 1.249258013707860382e+00
1.083156935377964558e+01 1.249697994525619249e+00
1.083990474795598402e+01 1.249881981088289518e+00
1.085155193265330453e+01 1.250131344571640657e+00
1.087153451152695993e+01 1.250567024814996930e+00
1.089151709040061533e+01 1.251060994831706630e+00
1.089809040500247050e+01 1.251223004992616961e+00
1.091149966927427251e+01 1.251536007784122440e+00
1.093148224814792968e+01 1.251988171868533284e+00
1.095146482702158508e+01 1.252464555701701343e+00
1.095561619160185174e+01 1.252564028896944626e+00
1.097144740589524403e+01 1.252959068183447711e+00
1.099142998476889943e+01 1.253474617589629192e+00
1.100752561174879318e+01 1.253905052801272291e+00
1.101141256364255661e+01 1.253996461568838150e+00
1.103139514251621378e+01 1.254453591154980785e+00
1.105137772138987096e+01 1.254910407958653051e+00
1.106580438038059455e+01 1.255246076705599734e+00
1.107136030026352636e+01 1.255373232928659766e+00
1.109134287913718353e+01 1.255872447925558300e+00
1.111132545801083893e+01 1.256366723440285771e+00
1.112047381748272912e+01 1.256587100609927177e+00
1.113130803688449788e+01 1.256822477621994505e+00
1.115129061575815328e+01 1.257281568735387101e+00
1.117127319463181045e+01 1.257772498111187076e+00
1.117790220739314933e+01 1.257928124514255064e+00
1.119125577350546763e+01 1.258264795361809130e+00
1.121123835237912303e+01 1.258796174227994058e+00
1.122837511759067652e+01 1.259269148418582507e+00
1.123122093125278020e+01 1.259342693938712454e+00
1.125120351012643738e+01 1.259866404272766749e+00
1.127118608900009455e+01 1.260417399984832709e+00
1.127777223165488962e+01 1.260610172322910172e+00
1.129116866787375173e+01 1.260990879433091738e+00
1.131115124674740713e+01 1.261570611587707225e+00
1.132383849673305676e+01 1.261951196227237615e+00
1.133113382562106430e+01 1.262163047769013113e+00
1.135111640449472148e+01 1.262766681362341270e+00
1.136806595517615648e+01 1.263292220131565280e+00
1.137109898336837688e+01 1.263386870677428053e+00
1.139108156224203583e+01 1.264029869585786781e+00
1.140807830916821075e+01 1.264633244035892945e+00
1.141106414111569123e+01 1.264732989678002406e+00
1.143104671998934663e+01 1.265351003972531085e+00
1.144915230666036621e+01 1.265974267940220388e+00
1.145102929886300558e+01 1.266038400725205904e+00
1.147101187773666098e+01 1.266742587194521708e+00
1.148573403018568584e+01 1.267315291844548053e+00
1.149099445661031815e+01 1.267520316692367199e+00
1.151097703548397355e+01 1.268305024762875544e+00
1.151961621965455151e+01 1.268656315748875718e+00
1.153095961435763073e+01 1.269110883558686176e+00
1.155094219323128968e+01 1.269964448965637871e+00
1.155170430657831915e+01 1.269997339653203161e+00
1.157092477210494508e+01 1.270837977220113935e+00
1.158184589374896234e+01 1.271338363557530826e+00
1.159090735097860225e+01 1.271744954696346852e+00
1.161083191840230455e+01 1.272679387461858491e+00
1.161088992985225943e+01 1.272682149000122331e+00
1.163087250872591660e+01 1.273685988516624068e+00
1.163711372906148966e+01 1.274020411366185934e+00
1.165085508759957200e+01 1.274766154591021827e+00
1.166214228566530053e+01 1.275361435270513599e+00
1.167083766647322918e+01 1.275806244358460129e+00
1.168729911932980592e+01 1.276702459174841042e+00
1.169082024534688635e+01 1.276891795481652991e+00
1.171080282422054353e+01 1.277914347718455357e+00
1.171317677606832319e+01 1.278043483079168707e+00
1.173078540309419893e+01 1.279072196992576238e+00
1.173586877791822047e+01 1.279384506983496372e+00
1.175076798196785433e+01 1.280271494488660622e+00
1.175835561502817228e+01 1.280725530887823815e+00
1.177075056084151328e+01 1.281506182593976195e+00
1.177935201323192160e+01 1.282066554792151258e+00
1.179073313971516868e+01 1.282786246580057909e+00
1.180042649894900109e+01 1.283407578696479145e+00
1.181071571858882763e+01 1.284124887203513588e+00
1.181982425336231657e+01 1.284748602600806588e+00
1.183069829746248303e+01 1.285425255164066360e+00
1.184083716600607872e+01 1.286089626505134254e+00
1.185068087633614020e+01 1.286724671165192069e+00
1.186168256673902377e+01 1.287430650409461919e+00
1.187066345520979738e+01 1.288002410664553343e+00
1.188249406684665388e+01 1.288771674313789362e+00
1.189064603408345278e+01 1.289345998972422525e+00
1.190150584361920494e+01 1.290112698218117027e+00
1.191062861295710995e+01 1.290720899543356115e+00
1.192132063475225578e+01 1.291453722122444692e+00
1.193061119183076713e+01 1.292086658408877931e+00
1.194101441251763518e+01 1.292794746026772135e+00
1.195059377070442252e+01 1.293457266974124220e+00
1.196092583881841520e+01 1.294135769931099800e+00
1.197057634957808148e+01 1.294751124440070011e+00
1.198136323098952083e+01 1.295476793835427465e+00
1.199055892845173688e+01 1.296108607286790892e+00
1.200071981477956129e+01 1.296817817739754908e+00
1.201054150732539405e+01 1.297513671499453292e+00
1.201971771700113933e+01 1.298158841644082573e+00
1.203052408619905123e+01 1.298894338103496526e+00
1.203962378578285985e+01 1.299499865548410238e+00
1.205050666507270662e+01 1.300290617756844513e+00
1.205806726000852791e+01 1.300840889452737681e+00
1.207048924394636558e+01 1.301652780243015783e+00
1.207847007297836583e+01 1.302181913357065568e+00
1.209047182282002098e+01 1.302990749556324435e+00
1.209852805119383135e+01 1.303522937261393011e+00
1.211045440169367637e+01 1.304283542611154312e+00
1.211944358223032836e+01 1.304863961165720454e+00
1.213043698056733533e+01 1.305599980556055417e+00
1.213960905014697822e+01 1.306204985070048119e+00
1.215041955944099072e+01 1.306912547006027214e+00
1.215983415021594816e+01 1.307546008974375562e+00
1.217040213831464968e+01 1.308254835645878522e+00
1.217985871133598152e+01 1.308887032878703227e+00
1.219038471718830507e+01 1.309596435523067814e+00
1.219983623319951604e+01 1.310228056783030892e+00
1.221036729606196047e+01 1.310923252321559929e+00
1.222004190999192907e+01 1.311569080687358335e+00
1.223034987493561943e+01 1.312294987478890063e+00
1.223891502996283265e+01 1.312910104591686000e+00
1.225033245380927482e+01 1.313718066233768189e+00
1.225817883098671501e+01 1.314251128496013665e+00
1.227031503268293200e+01 1.315037264398876360e+00
1.227887319655950193e+01 1.315592152400341108e+00
1.229029761155658917e+01 1.316326429782311846e+00
1.229943577688718648e+01 1.316933176304668773e+00
1.231028019043024457e+01 1.317705633980405189e+00
1.231818772951720575e+01 1.318274200208996438e+00
1.233026276930390353e+01 1.319115431646614045e+00
1.233741547136095207e+01 1.319615224113324103e+00
1.235024534817755892e+01 1.320505758271556029e+00
1.235672297863144209e+01 1.320956248017651546e+00
1.237022792705121255e+01 1.321975265836291547e+00
1.237442999706255442e+01 1.322297271921978989e+00
1.239021050592487327e+01 1.323486754712355662e+00
1.239217796210812850e+01 1.323638295826306654e+00
1.241019308479852867e+01 1.324964221544558285e+00
1.241040601912009400e+01 1.324979319730634320e+00
1.242856124741472890e+01 1.326320343634961763e+00
1.243017566367218585e+01 1.326434095728322493e+00
1.244710660334897767e+01 1.327661367539289428e+00
1.245015824254584302e+01 1.327891852093286751e+00
1.246473984076811448e+01 1.329002391443617093e+00
1.247014082141949842e+01 1.329401332600866681e+00
1.248250555056312194e+01 1.330343415347944536e+00
1.249012340029315560e+01 1.330967660198996372e+00
1.249924906400215541e+01 1.331684439252272201e+00
1.251010597916681277e+01 1.332520925396309952e+00
1.251656254503894061e+01 1.333025463156599866e+00
1.253008855804046817e+01 1.334210934343456056e+00
1.253182677936638534e+01 1.334366487060927087e+00
1.254734871706945931e+01 1.335707510965254974e+00
1.255007113691412712e+01 1.335947177479924752e+00
1.256266164100836846e+01 1.337048534869582639e+00
1.257005371578778252e+01 1.337698057595311685e+00
1.257784130863421623e+01 1.338389558773910082e+00
1.259003629466144147e+01 1.339528202520398503e+00
1.259221462420446080e+01 1.339730582678237747e+00
1.260651568473222994e+01 1.341071606582565412e+00
1.261001887353509687e+01 1.341425397197809399e+00
1.261998049452875392e+01 1.342412630486892855e+00
1.263000145240875227e+01 1.343311252064377292e+00
1.263495051005019043e+01 1.343753654391220298e+00
1.264887101203474984e+01 1.345094678295548185e+00
1.264998403128241122e+01 1.345205127177116378e+00
1.266257678190931557e+01 1.346435702199875628e+00
1.266996661015606662e+01 1.347147295522990174e+00
1.267653345594284353e+01 1.347776726104203293e+00
1.268994918902972380e+01 1.349070835279958525e+00
1.269044544996218349e+01 1.349117750008530958e+00
1.270447864622642697e+01 1.350458773912858401e+00
1.270993176790338097e+01 1.350986600279710181e+00
1.271813512677995561e+01 1.351799797817186066e+00
1.272991434677703815e+01 1.352981591407794948e+00
1.273153219668111369e+01 1.353140821721513509e+00
1.274507629712358181e+01 1.354481845625841174e+00
1.274989692565069532e+01 1.354966795873600693e+00
1.275882166740565715e+01 1.355822869530168617e+00
1.276987950452435072e+01 1.356904364257363493e+00
1.277248990445310284e+01 1.357163893434496282e+00
1.278598087449244858e+01 1.358504917338823947e+00
1.278986208339800612e+01 1.358893634080324597e+00
1.279945288530977976e+01 1.359845941243151612e+00
1.280984466227166507e+01 1.360886926400929342e+00
1.281291909443077870e+01 1.361186965147479055e+00
1.282652517985970242e+01 1.362527989051806721e+00
1.282982724114532047e+01 1.362852644875341079e+00
1.284038799390332386e+01 1.363869012956134164e+00
1.284980982001897587e+01 1.364789492475198873e+00
1.285410026851234733e+01 1.365210036860462051e+00
1.286728147033339908e+01 1.366551060764789494e+00
1.286979239889263482e+01 1.366801664351591228e+00
1.288091675445015838e+01 1.367892084669116937e+00
1.288977497776629022e+01 1.368882586775868049e+00
1.289300524379539326e+01 1.369233108573444602e+00
1.290710740477178398e+01 1.370574132477772267e+00
1.290975755663994740e+01 1.370838453325459616e+00
1.292077337646082746e+01 1.371915156382099710e+00
1.292974013551360457e+01 1.372846267548772925e+00
1.293383799575160609e+01 1.373256180286427597e+00
1.294795302571391282e+01 1.374597204190755040e+00
1.294972271438725997e+01 1.374774381436521420e+00
1.296134273949784443e+01 1.375938228095082483e+00
1.296970529326091892e+01 1.376753939767338508e+00
1.297520745111702389e+01 1.377279251999410148e+00
1.298854406957259755e+01 1.378620275903737813e+00
1.298968787213457432e+01 1.378738672461086612e+00
1.300144304215734792e+01 1.379961299808065256e+00
1.300967045100823150e+01 1.380778868813062221e+00
1.301516553927568332e+01 1.381302323712392921e+00
1.302894323088712092e+01 1.382643347616720586e+00
1.302965302988188867e+01 1.382713511413457441e+00
1.304283473709350716e+01 1.383984371521048029e+00
1.304963560875554407e+01 1.384676728528376533e+00
1.305610242003125165e+01 1.385325395425375694e+00
1.306961818762920302e+01 1.386642733521364912e+00
1.306986345296840035e+01 1.386666419329703359e+00
1.308354799146419900e+01 1.388007443234030802e+00
1.308960076650285842e+01 1.388622801520068784e+00
1.309690261196429795e+01 1.389348467138358467e+00
1.310958334537651560e+01 1.390612111383944693e+00
1.311039820063303551e+01 1.390689491042686132e+00
1.312462775587458452e+01 1.392030514947013575e+00
1.312956592425017277e+01 1.392504288542818269e+00
1.313867635179043170e+01 1.393371538851341240e+00
1.314954850312382817e+01 1.394463001587985307e+00
1.315210940421103025e+01 1.394712562755668905e+00
1.316585139124702408e+01 1.396053586659996348e+00
1.316953108199748357e+01 1.396415997994149727e+00
1.317964253248888973e+01 1.397394610564324013e+00
1.318951366087114252e+01 1.398344355288243968e+00
1.319365359813501470e+01 1.398735634468651678e+00
1.320731471251035494e+01 1.400076658372979121e+00
1.320949623974479792e+01 1.400292262711691382e+00
1.322096041862058513e+01 1.401417682277306787e+00
1.322947881861845687e+01 1.402238709163364794e+00
1.323518925344015074e+01 1.402758706181634452e+00
1.324946139749211227e+01 1.404095971264693432e+00
1.324950107837324431e+01 1.404099730085961895e+00
1.326324497998596286e+01 1.405440753990289560e+00
1.326944397636576944e+01 1.406036842913743534e+00
1.327738177665778885e+01 1.406781777894617225e+00
1.328942655523942662e+01 1.407951911613514850e+00
1.329136455971954156e+01 1.408122801798944668e+00
1.330696135625950660e+01 1.409463825703272111e+00
1.330940913411308202e+01 1.409681607814777360e+00
1.332212208369168316e+01 1.410804849607599776e+00
1.332939171298673919e+01 1.411454121394110972e+00
1.333725893304466226e+01 1.412145873511927441e+00
1.334937429186039637e+01 1.413227492827151321e+00
1.335224985679131926e+01 1.413486897416254884e+00
1.336714148342792363e+01 1.414827921320582549e+00
1.336935687073405177e+01 1.415029256155450055e+00
1.338208407969208480e+01 1.416168945224910214e+00
1.338933944960770894e+01 1.416824870635031708e+00
1.339709563419114602e+01 1.417509969129237657e+00
1.340932202848136612e+01 1.418606679022427874e+00
1.341208339418465556e+01 1.418850993033565322e+00
1.342694087276576198e+01 1.420192016937892987e+00
1.342930460735502329e+01 1.420403972544368454e+00
1.344203912034135584e+01 1.421533040842220430e+00
1.344928718622868047e+01 1.422197274811740630e+00
1.345701641079134347e+01 1.422874064746548317e+00
1.346926976510233942e+01 1.424003230919787866e+00
1.347155917115442492e+01 1.424215088650875760e+00
1.348644697812782312e+01 1.425556112555203203e+00
1.348925234397599482e+01 1.425815279725992202e+00
1.350118427844429547e+01 1.426897136459530868e+00
1.350923492284965022e+01 1.427647078705006845e+00
1.351578807597486431e+01 1.428238160363858533e+00
1.352921750172330739e+01 1.429429066140876836e+00
1.353088338322601736e+01 1.429579184268185976e+00
1.354466923609978402e+01 1.430920208172513641e+00
1.354920008059696457e+01 1.431356953034397694e+00
1.355920529275850583e+01 1.432261232076841306e+00
1.356918265947061997e+01 1.433158496463580178e+00
1.357404716169499714e+01 1.433602255981168971e+00
1.358777459428649337e+01 1.434943279885496192e+00
1.358916523834427714e+01 1.435086025944398491e+00
1.360131357017829856e+01 1.436284303789824079e+00
1.360914781721793432e+01 1.437083685917006415e+00
1.361458521303733527e+01 1.437625327694151522e+00
1.362751171958557883e+01 1.438966351598479188e+00
1.362913039609159149e+01 1.439139659529000914e+00
1.364007544936855965e+01 1.440307375502806853e+00
1.364911297496524689e+01 1.441267709209572256e+00
1.365270646381458874e+01 1.441648399407134296e+00
1.366443254161983845e+01 1.442989423311461739e+00
1.366909555383890407e+01 1.443535686529819229e+00
1.367603831603166853e+01 1.444330447215789626e+00
1.368710477784002677e+01 1.445671471120117069e+00
1.368907813271256124e+01 1.445922955521338427e+00
1.369786875748819455e+01 1.447012495024444734e+00
1.370848318866164384e+01 1.448353518928772399e+00
1.370906071158621842e+01 1.448431692315406583e+00
1.371865844462308281e+01 1.449694542833099842e+00
1.372777873437386731e+01 1.451035566737427507e+00
1.372904329045987382e+01 1.451225735449034548e+00
1.373672401868198278e+01 1.452376590641754950e+00
1.374531886577804585e+01 1.453717614546082615e+00
1.374902586933353099e+01 1.454356418724973565e+00
1.375321705701772146e+01 1.455058638450410280e+00
1.376127295477163415e+01 1.456399662354737723e+00
1.376900844820718817e+01 1.457710324436260807e+00
1.376919619972109565e+01 1.457740686259065388e+00
1.377678791756531851e+01 1.459081710163392831e+00
1.378416457771256098e+01 1.460422734067720496e+00
1.378899102708084534e+01 1.461395862125099310e+00
1.379088771819522030e+01 1.461763757972048161e+00
1.379787518892158715e+01 1.463104781876375604e+00
1.380474647836294722e+01 1.464445805780703269e+00
1.380897360595450074e+01 1.465405229310182023e+00
1.381067752223348322e+01 1.465786829685030712e+00
1.381644111632309802e+01 1.467127853589358377e+00
1.382176261464096889e+01 1.468468877493686042e+00
1.382710032845354853e+01 1.469809901398013707e+00
1.382895618482815792e+01 1.470329688630247711e+00
1.383200082994158464e+01 1.471150925302341150e+00
1.383608487721173219e+01 1.472491949206669037e+00
1.384061234691893105e+01 1.473832973110996480e+00
1.384496338356626666e+01 1.475173997015323923e+00
1.384836915680866376e+01 1.476515020919651588e+00
1.384893876370181509e+01 1.476716998956733251e+00
1.385285706923596649e+01 1.477856044823979254e+00
1.385672599473063471e+01 1.479197068728306697e+00
1.386046495827304703e+01 1.480538092632634362e+00
1.386370365956269168e+01 1.481879116536962027e+00
1.386665355067066940e+01 1.483220140441289470e+00
1.386892134257547227e+01 1.484454358015576014e+00
1.386910494686537731e+01 1.484561164345617135e+00
1.387189092532734591e+01 1.485902188249944800e+00
1.387385164406398275e+01 1.487243212154272021e+00
1.387522549433023400e+01 1.488584236058599908e+00
1.387710054656546532e+01 1.489925259962927573e+00
1.387850731954419814e+01 1.491266283867255016e+00
1.388027279954192394e+01 1.492607307771582681e+00
1.388121323886476688e+01 1.493948331675910346e+00
1.388198738362460283e+01 1.495289355580237789e+00
1.388245873550193288e+01 1.496630379484565454e+00
1.388265407354141701e+01 1.497971403388893119e+00
1.388252780372018336e+01 1.499312427293220562e+00
1.388206523167488271e+01 1.500653451197548227e+00
1.388152627019176144e+01 1.501994475101875670e+00
1.388068242162537658e+01 1.503335499006203335e+00
1.387983243900572461e+01 1.504676522910530778e+00
1.387856577288895110e+01 1.506017546814858221e+00
1.387609135127310367e+01 1.507358570719186108e+00
1.387393618621659996e+01 1.508699594623513551e+00
1.387121330654741769e+01 1.510040618527840994e+00
1.386892134257547227e+01 1.511040428466724261e+00
1.386804605002411961e+01 1.511381642432168881e+00
1.386472389519016524e+01 1.512722666336496324e+00
1.386158722255080988e+01 1.514063690240823989e+00
1.385796688429237022e+01 1.515404714145151654e+00
1.385350498190860336e+01 1.516745738049479097e+00
1.384896345940145146e+01 1.518086761953806985e+00
1.384893876370181509e+01 1.518094048167131671e+00
1.384532609897464539e+01 1.519427785858134428e+00
1.384130227169775829e+01 1.520768809762461871e+00
1.383672270315590325e+01 1.522109833666789758e+00
1.383127115296632148e+01 1.523450857571116979e+00
1.382895618482815792e+01 1.524009483663223197e+00
1.382570995002891223e+01 1.524791881475444644e+00
1.381982861892422676e+01 1.526132905379772309e+00
1.381297172229322712e+01 1.527473929284099974e+00
1.380897360595450074e+01 1.528243492824933547e+00
1.380605804992934260e+01 1.528814953188427417e+00
1.380021896654060676e+01 1.530155977092755082e+00
1.379257917368989084e+01 1.531497000997082747e+00
1.378899102708084534e+01 1.532113042170326400e+00
1.378473650058040256e+01 1.532838024901410190e+00
1.377598303951879899e+01 1.534179048805737855e+00
1.376900844820718817e+01 1.535223826855786511e+00
1.376706533772677332e+01 1.535520072710065520e+00
1.375822583288405632e+01 1.536861096614392963e+00
1.374902586933353099e+01 1.538074774564923919e+00
1.374809288870985391e+01 1.538202120518720628e+00
1.373833753506422539e+01 1.539543144423048293e+00
1.372904329045987382e+01 1.540743160100087161e+00
1.372792704260873897e+01 1.540884168327375736e+00
1.371661998701269525e+01 1.542225192231703401e+00
1.370906071158621842e+01 1.543081069521268223e+00
1.370487209328627820e+01 1.543566216136030622e+00
1.369376209438237879e+01 1.544907240040358509e+00
1.368907813271256302e+01 1.545449863512370126e+00
1.368249763290927490e+01 1.546248263944686396e+00
1.367073191616884031e+01 1.547589287849013395e+00
1.366909555383890407e+01 1.547777796710128939e+00
1.365926087060187299e+01 1.548930311753341282e+00
1.364911297496524689e+01 1.550082825315629131e+00
1.364745151933968614e+01 1.550271335657668725e+00
1.363492967633379749e+01 1.551612359561996390e+00
1.362913039609159149e+01 1.552235315785761571e+00
1.362258867259645712e+01 1.552953383466324055e+00
1.360979451641644644e+01 1.554294407370651498e+00
1.360914781721793254e+01 1.554370939603707091e+00
1.359902259256559276e+01 1.555635431274979164e+00
1.358916523834427537e+01 1.556749449754444736e+00
1.358719450766718140e+01 1.556976455179306829e+00
1.357616016094645772e+01 1.558317479083634050e+00
1.356918265947061997e+01 1.559127342829512930e+00
1.356466002344942368e+01 1.559658502987961937e+00
1.355655411085923667e+01 1.560999526892289602e+00
1.354920008059696457e+01 1.561922327656273923e+00
1.354613261296879756e+01 1.562340550796617045e+00
1.353661225016919900e+01 1.563681574700944710e+00
1.352921750172330739e+01 1.564671279568621731e+00
1.352670044395316395e+01 1.565022598605272375e+00
1.351665342368885270e+01 1.566363622509599818e+00
1.350923492284965022e+01 1.567313796796194536e+00
1.350620033416984889e+01 1.567704646413927483e+00
1.349607830989467416e+01 1.569045670318255148e+00
1.348925234397599304e+01 1.570120728296411361e+00
1.348760018315662812e+01 1.570386694222582591e+00
1.347724177313685168e+01 1.571727718126910256e+00
1.346926976510233764e+01 1.572850523008442858e+00
1.346777161566598124e+01 1.573068742031237921e+00
1.345792464661532861e+01 1.574409765935565364e+00
1.344928718622868047e+01 1.575587435650953605e+00
1.344807597998388182e+01 1.575750789839893029e+00
1.343695078156916978e+01 1.577091813744220694e+00
1.342930460735502329e+01 1.578049360904737464e+00
1.342631859115153148e+01 1.578432837648548137e+00
1.341495833764493995e+01 1.579773861552875802e+00
1.340932202848136612e+01 1.580423379842192499e+00
1.340331170975345287e+01 1.581114885457203467e+00
1.339135864900365291e+01 1.582455909361530910e+00
1.338933944960771072e+01 1.582694096682093043e+00
1.338013716278154597e+01 1.583796933265858575e+00
1.336935687073405177e+01 1.584930685536108719e+00
1.336736011130591884e+01 1.585137957170186240e+00
1.335472964288539544e+01 1.586478981074513683e+00
1.334937429186039637e+01 1.586996790924106282e+00
1.334048425513016412e+01 1.587820004978841348e+00
1.332939171298673919e+01 1.588822860803498216e+00
1.332565795369186823e+01 1.589161028883169013e+00
1.331058142848901760e+01 1.590502052787496456e+00
1.330940913411308202e+01 1.590601589410701955e+00
1.329414858820981138e+01 1.591843076691823899e+00
1.328942655523942662e+01 1.592204792600363517e+00
1.327605297854008271e+01 1.593184100596151564e+00
1.326944397636576767e+01 1.593690981202238177e+00
1.325882491611784886e+01 1.594525124500479230e+00
1.324946139749211227e+01 1.595160910919299013e+00
1.323847101551388761e+01 1.595866148404806673e+00
1.322947881861845687e+01 1.596457397466148453e+00
1.321773568140904231e+01 1.597207172309134116e+00
1.320949623974479792e+01 1.597713862594080325e+00
1.319634801671711344e+01 1.598548196213462003e+00
1.318951366087114252e+01 1.598984535599122569e+00
1.317420423737206114e+01 1.599889220117789446e+00
1.316953108199748712e+01 1.600152390978436756e+00
1.314954850312382817e+01 1.601212759091710680e+00
1.314921995464003679e+01 1.601230244022117111e+00
1.312956592425017277e+01 1.602242074645432446e+00
1.312302437648899378e+01 1.602571267926444776e+00
1.310958334537651560e+01 1.603259766939503006e+00
1.309686497384283932e+01 1.603912291830772219e+00
1.308960076650285842e+01 1.604285120633948569e+00
1.306961818762920302e+01 1.605172716842213188e+00
1.306800505038554938e+01 1.605253315735099884e+00
1.304963560875554407e+01 1.606173999193138080e+00
1.304075344198651720e+01 1.606594339639427549e+00
1.302965302988188867e+01 1.607115923290189929e+00
1.301229155894800549e+01 1.607935363543754992e+00
1.300967045100823150e+01 1.608057665590382657e+00
1.298968787213457432e+01 1.608916707492313414e+00
1.298120194706487851e+01 1.609276387448082657e+00
1.296970529326091892e+01 1.609755638621968687e+00
1.294972271438725997e+01 1.610565146861121510e+00
1.294847992589565067e+01 1.610617411352410322e+00
1.292974013551360457e+01 1.611405909309693074e+00
1.291671547563604605e+01 1.611958435256737765e+00
1.290975755663994740e+01 1.612269109582471494e+00
1.288977497776629022e+01 1.613160075610820643e+00
1.288661502024030803e+01 1.613299459161065430e+00
1.286979239889263482e+01 1.614030027608747142e+00
1.285560015818988866e+01 1.614640483065393095e+00
1.284980982001897765e+01 1.614892553982234746e+00
1.282982724114532047e+01 1.615763319602150583e+00
1.282485027315330228e+01 1.615981506969720538e+00
1.280984466227166507e+01 1.616677762594135981e+00
1.279579441601619472e+01 1.617322530874048203e+00
1.278986208339800612e+01 1.617582266919694645e+00
1.276987950452435072e+01 1.618439637991664792e+00
1.276477601656599070e+01 1.618663554778375868e+00
1.274989692565069355e+01 1.619333870896527916e+00
1.273433599579133002e+01 1.620004578682703311e+00
1.272991434677703637e+01 1.620197240833184837e+00
1.270993176790338097e+01 1.621106929986750211e+00
1.270505175995700142e+01 1.621345602587030976e+00
1.268994918902972380e+01 1.622101214303714123e+00
1.267779609617246805e+01 1.622686626491358641e+00
1.266996661015606662e+01 1.623082589704060164e+00
1.265118974530415663e+01 1.624027650395686084e+00
1.264998403128241122e+01 1.624088997005836310e+00
1.263000145240875227e+01 1.625092146883566402e+00
1.262445766980261297e+01 1.625368674300013749e+00
1.261001887353509687e+01 1.626098620071551260e+00
1.259759402970682451e+01 1.626709698204341192e+00
1.259003629466143792e+01 1.627083101386787911e+00
1.257116923829017097e+01 1.628050722108668857e+00
1.257005371578778252e+01 1.628106268275917312e+00
1.255007113691412712e+01 1.629055654680856779e+00
1.254287348268796976e+01 1.629391746012996300e+00
1.253008855804046817e+01 1.629984871919060163e+00
1.251378955045619357e+01 1.630732769917324188e+00
1.251010597916681277e+01 1.630910854316810266e+00
1.249012340029315382e+01 1.631860072703022357e+00
1.248555170657416191e+01 1.632073793821651631e+00
1.247014082141949842e+01 1.632801116033368194e+00
1.245641908356171257e+01 1.633414817725979074e+00
1.245015824254584302e+01 1.633696181116246926e+00
1.243017566367218585e+01 1.634540155122180316e+00
1.242502539988168664e+01 1.634755841630306961e+00
1.241019308479852867e+01 1.635392577734424258e+00
1.239364663903738162e+01 1.636096865534634404e+00
1.239021050592487327e+01 1.636247470460334252e+00
1.237022792705121432e+01 1.637125279583490967e+00
1.236264333816169625e+01 1.637437889438961847e+00
1.235024534817755892e+01 1.637910843791455129e+00
1.233026276930390175e+01 1.638660665249713100e+00
1.232712689901324588e+01 1.638778913343289734e+00
1.231028019043024457e+01 1.639472214477142975e+00
1.229269652082596664e+01 1.640119937247617177e+00
1.229029761155658917e+01 1.640207543765452636e+00
1.227031503268293200e+01 1.640953256446355368e+00
1.225580268386222649e+01 1.641460961151944620e+00
1.225033245380927482e+01 1.641651931008298870e+00
1.223034987493561943e+01 1.642333659644434452e+00
1.221620498095462537e+01 1.642801985056272507e+00
1.221036729606196047e+01 1.642998711868686845e+00
1.219038471718830507e+01 1.643688761814934729e+00
1.217610210826286909e+01 1.644143008960599950e+00
1.217040213831464790e+01 1.644339005604047665e+00
1.215041955944099072e+01 1.645055505314353406e+00
1.213762224725688377e+01 1.645484032864927393e+00
1.213043698056733533e+01 1.645734307227496807e+00
1.211045440169367637e+01 1.646427025474912931e+00
1.209826909012586782e+01 1.646825056769254836e+00
1.209047182282002098e+01 1.647085875284904466e+00
1.207048924394636380e+01 1.647762713586110817e+00
1.205818334280962389e+01 1.648166080673582723e+00
1.205050666507270662e+01 1.648419525398139296e+00
1.203052408619905123e+01 1.649061674575896363e+00
1.201623379054472096e+01 1.649507104577910388e+00
1.201054150732539227e+01 1.649680217507973223e+00
1.199055892845173688e+01 1.650282266815754184e+00
1.197088629078084843e+01 1.650848128482237831e+00
1.197057634957808148e+01 1.650858128739663089e+00
1.195059377070442252e+01 1.651471386647982653e+00
1.193061119183076713e+01 1.652062313233588320e+00
1.192612603498767498e+01 1.652189152386565496e+00
1.191062861295711173e+01 1.652621967965304028e+00
1.189064603408345278e+01 1.653139277770940385e+00
1.187510071808578793e+01 1.653530176290892939e+00
1.187066345520979738e+01 1.653646506273806605e+00
1.185068087633614020e+01 1.654145057459042167e+00
1.183069829746248303e+01 1.654557529005822092e+00
1.181536482752435013e+01 1.654871200195220604e+00
1.181071571858882763e+01 1.654968502296134014e+00
1.179073313971516868e+01 1.655382587215244783e+00
1.177075056084151328e+01 1.655749885273151589e+00
1.175076798196785610e+01 1.656086504339935095e+00
1.174163618213133020e+01 1.656212224099548269e+00
1.173078540309419893e+01 1.656364195429774977e+00
1.171080282422054353e+01 1.656605628980420963e+00
1.169082024534688635e+01 1.656859616331057605e+00
1.167083766647322918e+01 1.657090429445498891e+00
1.165085508759957200e+01 1.657279711986790582e+00
1.163087250872591483e+01 1.657429688711221649e+00
1.161700765066691154e+01 1.657553248003875712e+00
1.161088992985225943e+01 1.657609544635501919e+00
1.159090735097860225e+01 1.657787687619484363e+00
1.157092477210494508e+01 1.657920848450858076e+00
1.155094219323128968e+01 1.658026852606496071e+00
1.153095961435763073e+01 1.658136185166259269e+00
1.151097703548397533e+01 1.658249465780934129e+00
1.149099445661031815e+01 1.658334513656439579e+00
1.147101187773666098e+01 1.658403897682414474e+00
1.145102929886300558e+01 1.658490127017067550e+00
1.143104671998934840e+01 1.658570310505791623e+00
1.141106414111569123e+01 1.658610785776607255e+00
1.139108156224203583e+01 1.658656099590706479e+00
1.137109898336837688e+01 1.658687196810963105e+00
1.135111640449472148e+01 1.658724693673497841e+00
1.133113382562106430e+01 1.658764599313371280e+00
1.131115124674740713e+01 1.658793659854169267e+00
1.129116866787375173e+01 1.658805093034476874e+00
1.127118608900009455e+01 1.658799995276931005e+00
1.125120351012643738e+01 1.658805248807941224e+00
1.123122093125278020e+01 1.658808294082373846e+00
1.121123835237912303e+01 1.658810482633083394e+00
1.119125577350546763e+01 1.658816877284392088e+00
1.117127319463181045e+01 1.658796734966235142e+00
1.115129061575815328e+01 1.658773385532140265e+00
1.113130803688449788e+01 1.658744178710042094e+00
1.111132545801083893e+01 1.658746212751630145e+00
1.109134287913718353e+01 1.658700773986511834e+00
1.107136030026352636e+01 1.658659205068018228e+00
1.105137772138986918e+01 1.658623720491954501e+00
1.103139514251621378e+01 1.658539731106835058e+00
1.101141256364255661e+01 1.658437268930821995e+00
1.099142998476889943e+01 1.658378403737456708e+00
1.097144740589524403e+01 1.658276127699525482e+00
1.095146482702158508e+01 1.658212801404642445e+00
1.093148224814792968e+01 1.658149659067372106e+00
1.091149966927427428e+01 1.658059054219680473e+00
1.089151709040061533e+01 1.657962463640626716e+00
1.087153451152695993e+01 1.657838614072020489e+00
1.085155193265330453e+01 1.657722759506415011e+00
1.083156935377964558e+01 1.657568744114477965e+00
1.082974273830301826e+01 1.657553248003875712e+00
1.081158677490598663e+01 1.657411861427882771e+00
1.079160419603233123e+01 1.657237140734896919e+00
1.077162161715867583e+01 1.657072306858007993e+00
1.075163903828501866e+01 1.656868180120039113e+00
1.073165645941136148e+01 1.656639708104409303e+00
1.071167388053770608e+01 1.656380356961761002e+00
1.070039514376916046e+01 1.656212224099548269e+00
1.069169130166404713e+01 1.656086135543771487e+00
1.067170872279039173e+01 1.655808093938953451e+00
1.065172614391673633e+01 1.655488822660216020e+00
1.063174356504307738e+01 1.655125696108101341e+00
1.061864014056188132e+01 1.654871200195220382e+00
1.061176098616942198e+01 1.654744828046006422e+00
1.059177840729576481e+01 1.654357341087154598e+00
1.057179582842210763e+01 1.653947868549526357e+00
1.055338554185652278e+01 1.653530176290892939e+00
1.055181324954845223e+01 1.653493621441039618e+00
1.053183067067479328e+01 1.653001632740448201e+00
1.051184809180113788e+01 1.652485413604130038e+00
1.050140933770691554e+01 1.652189152386565496e+00
1.049186551292748071e+01 1.651935505898464829e+00
1.047188293405382353e+01 1.651361668349602407e+00
1.045508071686974105e+01 1.650848128482237831e+00
1.045190035518016813e+01 1.650756806071136618e+00
1.043191777630651096e+01 1.650136981184439300e+00
1.041305868250295141e+01 1.649507104577910166e+00
1.041193519743285378e+01 1.649464100322354021e+00
1.039195261855919838e+01 1.648705785954955427e+00
1.037805174411927922e+01 1.648166080673582723e+00
1.037197003968553943e+01 1.647968849535518032e+00
1.035198746081188403e+01 1.647271832086265153e+00
1.033982394261525073e+01 1.646825056769255058e+00
1.033200488193822686e+01 1.646538130124445498e+00
1.031202230306456968e+01 1.645776109023206368e+00
1.030481076089771264e+01 1.645484032864927393e+00
1.029203972419091428e+01 1.645036450390760852e+00
1.027205714531725533e+01 1.644288527499171648e+00
1.026815711998853864e+01 1.644143008960599950e+00
1.025207456644359993e+01 1.643524412513650113e+00
1.023406292604554757e+01 1.642801985056272507e+00
1.023209198756994276e+01 1.642727522702642329e+00
1.021210940869628558e+01 1.641967134437618547e+00
1.019986670583028676e+01 1.641460961151944620e+00
1.019212682982263019e+01 1.641156240637874131e+00
1.017214425094897301e+01 1.640335028164089604e+00
1.016718355648507455e+01 1.640119937247617177e+00
1.015216167207531583e+01 1.639493125580506305e+00
1.013550925723903084e+01 1.638778913343289734e+00
1.013217909320166044e+01 1.638636716375329705e+00
1.011219651432800148e+01 1.637771671271891716e+00
1.010477978632336615e+01 1.637437889438961847e+00
1.009221393545434609e+01 1.636888297229988076e+00
1.007575627452665223e+01 1.636096865534634404e+00
1.007223135658068891e+01 1.635939550000913068e+00
1.005224877770703173e+01 1.635076438053121528e+00
1.004511699253346890e+01 1.634755841630306961e+00
1.003226619883337634e+01 1.634181421626472730e+00
1.001606673106429923e+01 1.633414817725979074e+00
1.001228361995971916e+01 1.633239384240822822e+00
9.992301041086061986e+00 1.632282990806476652e+00
9.987898969673492999e+00 1.632073793821651408e+00
9.972318462212404810e+00 1.631353067013857405e+00
9.959771692833864876e+00 1.630732769917324188e+00
9.952335883338747635e+00 1.630372854314396935e+00
9.932668770482438347e+00 1.629391746012996522e+00
9.932353304465092236e+00 1.629376078676657347e+00
9.912370725591435061e+00 1.628381850644388562e+00
9.906014207954484618e+00 1.628050722108668857e+00
9.892388146717777886e+00 1.627282931128195997e+00
9.882457239657526316e+00 1.626709698204341414e+00
9.872405567844122487e+00 1.626220702735116541e+00
9.855332056614949821e+00 1.625368674300013749e+00
9.852422988970463535e+00 1.625223968964153221e+00
9.832440410096808137e+00 1.624201128876282985e+00
9.829213345748719632e+00 1.624027650395686084e+00
9.812457831223152738e+00 1.623149671564822594e+00
9.803758078099090056e+00 1.622686626491358641e+00
9.792475252349493786e+00 1.622097859299171052e+00
9.778408046508628715e+00 1.621345602587030976e+00
9.772492673475838387e+00 1.621038792690739250e+00
9.753508619489251075e+00 1.620004578682703311e+00
9.752510094602181212e+00 1.619947140014457387e+00
9.732527515728524037e+00 1.618770507163444172e+00
9.730721972343207682e+00 1.618663554778375868e+00
9.712544936854868638e+00 1.617691435306243264e+00
9.705715406203394124e+00 1.617322530874047981e+00
9.692562357981209686e+00 1.616622509192426893e+00
9.680996211125892259e+00 1.615981506969720538e+00
9.672579779107554288e+00 1.615519690573576472e+00
9.657007876531476853e+00 1.614640483065393095e+00
9.652597200233897112e+00 1.614380506133767934e+00
9.634429693437869702e+00 1.613299459161065430e+00
9.632614621360239937e+00 1.613198263366366181e+00
9.612632042486584538e+00 1.612066047761662624e+00
9.610804834838504007e+00 1.611958435256737765e+00
9.592649463612927363e+00 1.610899373739554274e+00
9.587911611781173349e+00 1.610617411352410322e+00
9.572666884739270188e+00 1.609678774505054477e+00
9.566145838605349283e+00 1.609276387448082657e+00
9.552684305865613013e+00 1.608386659664538199e+00
9.546011128167167570e+00 1.607935363543754992e+00
9.532701726991955837e+00 1.607085480204396788e+00
9.525124753518332099e+00 1.606594339639427549e+00
9.512719148118300438e+00 1.605838933264873702e+00
9.503282307679008056e+00 1.605253315735100106e+00
9.492736569244643263e+00 1.604600794712636835e+00
9.481960402801522747e+00 1.603912291830772219e+00
9.472753990370986088e+00 1.603334017652069399e+00
9.460664666790449928e+00 1.602571267926444776e+00
9.452771411497330689e+00 1.602064268904570987e+00
9.439990856910862149e+00 1.601230244022116889e+00
9.432788832623671738e+00 1.600757811229917227e+00
9.419683724794662538e+00 1.599889220117789446e+00
9.412806253750016339e+00 1.599437609887138123e+00
9.399578989297769027e+00 1.598548196213462003e+00
9.392823674876359163e+00 1.598097716820653602e+00
9.379781502373880642e+00 1.597207172309134116e+00
9.372841096002701988e+00 1.596718909183083124e+00
9.360859363609577599e+00 1.595866148404806673e+00
9.352858517129046589e+00 1.595297052268038751e+00
9.342001718812593225e+00 1.594525124500479230e+00
9.332875938255387638e+00 1.593851407625027861e+00
9.323881604468933659e+00 1.593184100596151787e+00
9.312893359381732239e+00 1.592382282620961931e+00
9.305587516385202207e+00 1.591843076691823899e+00
9.292910780508075064e+00 1.590880940506316010e+00
9.287925910555593134e+00 1.590502052787496456e+00
9.272928201634417888e+00 1.589346062983751029e+00
9.270573489691571467e+00 1.589161028883169013e+00
9.253834773006902381e+00 1.587820004978841348e+00
9.252945622760762490e+00 1.587747963309332766e+00
9.236968624855766308e+00 1.586478981074513683e+00
9.232963043887105314e+00 1.586167240684019486e+00
9.219757408024312539e+00 1.585137957170186240e+00
9.212980465013448139e+00 1.584584333400116618e+00
9.203076028014416821e+00 1.583796933265858797e+00
9.192997886139792740e+00 1.582987186575005145e+00
9.186516526782284586e+00 1.582455909361530910e+00
9.173015307266135565e+00 1.581309426981153177e+00
9.170715770778977927e+00 1.581114885457203467e+00
9.154314507921844424e+00 1.579773861552875802e+00
9.153032728392478390e+00 1.579666354198865363e+00
9.138248194366131116e+00 1.578432837648548137e+00
9.133050149518821215e+00 1.577989071704995805e+00
9.122429506803753085e+00 1.577091813744220694e+00
9.113067570645164039e+00 1.576268443836265520e+00
9.107063691121341620e+00 1.575750789839892807e+00
9.093084991771508641e+00 1.574536858560316555e+00
9.091560972585389422e+00 1.574409765935565364e+00
9.075801515560875998e+00 1.573068742031237921e+00
9.073102412897851465e+00 1.572828776692746677e+00
9.060899757286104972e+00 1.571727718126910256e+00
9.053119834024194290e+00 1.571034149621814313e+00
9.045708312599007428e+00 1.570386694222582591e+00
9.033137255150538891e+00 1.569249743873587510e+00
9.030824329350107149e+00 1.569045670318255370e+00
9.015471112271027820e+00 1.567704646413927483e+00
9.013154676276881716e+00 1.567495063619903206e+00
9.000549411459589422e+00 1.566363622509599818e+00
8.993172097403224541e+00 1.565679966046360505e+00
8.985890144445253469e+00 1.565022598605272375e+00
8.973189518529567366e+00 1.563847136133577287e+00
8.971371284567929649e+00 1.563681574700944932e+00
8.957841123760584168e+00 1.562340550796617045e+00
8.953206939655910190e+00 1.561914791380829337e+00
8.943022093644172443e+00 1.560999526892289602e+00
8.933224360782254792e+00 1.560081700594405429e+00
8.928603813882963536e+00 1.559658502987961937e+00
8.914158607283848568e+00 1.558317479083634272e+00
8.913241781908597616e+00 1.558232720673288663e+00
8.899353659296938446e+00 1.556976455179306829e+00
8.893259203034940441e+00 1.556414639224690699e+00
8.884529743096148735e+00 1.555635431274979386e+00
8.873276624161283266e+00 1.554577925839036645e+00
8.870224572153240672e+00 1.554294407370651498e+00
8.856084124312957329e+00 1.552953383466324055e+00
8.853294045287626091e+00 1.552678250993991149e+00
8.842103216976843427e+00 1.551612359561996390e+00
8.833311466413970692e+00 1.550773678624501439e+00
8.827909500875948723e+00 1.550271335657668725e+00
8.813875625551442994e+00 1.548930311753341282e+00
8.813328887540313517e+00 1.548876463957864269e+00
8.800108432094614130e+00 1.547589287849013617e+00
8.793346308666656341e+00 1.546913334719627109e+00
8.786429541741194171e+00 1.546248263944686174e+00
8.773363729793000942e+00 1.544947114777027286e+00
8.772954163927524363e+00 1.544907240040358731e+00
8.759349573883678630e+00 1.543566216136030622e+00
8.753381150919343767e+00 1.542941992321619438e+00
8.746378796831159264e+00 1.542225192231703179e+00
8.733398572045686592e+00 1.540889567643464630e+00
8.733343071497733590e+00 1.540884168327375736e+00
8.720077464687888025e+00 1.539543144423048293e+00
8.713415993172029417e+00 1.538850938775506938e+00
8.707107608627126183e+00 1.538202120518720628e+00
8.694620648755059023e+00 1.536861096614392963e+00
8.693433414298372242e+00 1.536729843914721005e+00
8.681951583156962471e+00 1.535520072710065520e+00
8.673450835424716843e+00 1.534606272281507922e+00
8.669385412303174832e+00 1.534179048805737855e+00
8.657016862680828595e+00 1.532838024901410190e+00
8.653468256551059667e+00 1.532444400601207013e+00
8.644520331961086157e+00 1.531497000997082747e+00
8.633485677677402492e+00 1.530258837370289893e+00
8.632524122245152753e+00 1.530155977092755082e+00
8.620222630092191807e+00 1.528814953188427417e+00
8.613503098803747093e+00 1.528075846679176397e+00
8.607995446131482709e+00 1.527473929284099974e+00
8.596272344194858306e+00 1.526132905379772309e+00
8.593520519930089918e+00 1.525815021069384381e+00
8.584165847177324338e+00 1.524791881475444644e+00
8.573537941056432743e+00 1.523559149550598235e+00
8.572571886566164423e+00 1.523450857571117201e+00
8.560685813316450066e+00 1.522109833666789536e+00
8.553555362182775568e+00 1.521260644619624181e+00
8.549253864778943779e+00 1.520768809762461871e+00
8.537877839058566565e+00 1.519427785858134428e+00
8.533572783309118392e+00 1.518896932433472458e+00
8.526715250117231193e+00 1.518086761953806541e+00
8.515603731421695244e+00 1.516745738049479097e+00
8.513590204435462994e+00 1.516498208434923001e+00
8.504273427056457280e+00 1.515404714145151654e+00
8.493849898841787649e+00 1.514063690240823989e+00
8.493607625561805818e+00 1.514033246256837550e+00
8.482738055613408434e+00 1.512722666336496324e+00
8.473625046688148643e+00 1.511553997281005257e+00
8.472238071644937918e+00 1.511381642432168881e+00
8.461742311907721970e+00 1.510040618527841216e+00
8.453642467814491468e+00 1.508955332749746026e+00
8.451598630356437880e+00 1.508699594623513551e+00
8.441091942604487031e+00 1.507358570719186108e+00
8.433659888940834293e+00 1.506348991671115467e+00
8.431111326748613521e+00 1.506017546814858443e+00
8.420908712945880836e+00 1.504676522910530778e+00
8.413677310067178894e+00 1.503660887413346803e+00
8.411235762463856958e+00 1.503335499006203335e+00
8.401415602647462677e+00 1.501994475101875670e+00
8.393694731193521719e+00 1.500902524995241016e+00
8.391805899979168260e+00 1.500653451197548227e+00
8.381878145195402752e+00 1.499312427293220562e+00
8.373712152319864543e+00 1.498161443695012141e+00
8.372270059288107191e+00 1.497971403388892897e+00
8.362378781361005764e+00 1.496630379484565454e+00
8.353729573446209145e+00 1.495400741099562225e+00
8.352923265697613786e+00 1.495289355580237789e+00
8.343692404471614310e+00 1.493948331675910346e+00
8.334714247578673962e+00 1.492607307771582681e+00
8.333746994572551969e+00 1.492452394439577779e+00
8.325955960532594347e+00 1.491266283867255016e+00
8.317280652061839419e+00 1.489925259962927573e+00
8.313764415698894794e+00 1.489371022033373348e+00
8.308354980464306649e+00 1.488584236058599908e+00
8.299329391003665179e+00 1.487243212154272243e+00
8.293781836825237619e+00 1.486384463746083462e+00
8.290424848392644819e+00 1.485902188249944800e+00
8.281517935710688505e+00 1.484561164345617135e+00
8.273799257951580444e+00 1.483354770990060079e+00
8.272890957229758868e+00 1.483220140441289248e+00
8.263626857301513695e+00 1.481879116536962027e+00
8.255271678447865469e+00 1.480538092632634362e+00
8.253816679077925045e+00 1.480305212445865326e+00
8.246310116923231348e+00 1.479197068728306697e+00
8.237733542702493139e+00 1.477856044823979254e+00
8.233834100204267870e+00 1.477215651221465809e+00
8.229383686448638713e+00 1.476515020919651588e+00
8.220953247220805338e+00 1.475173997015323923e+00
8.213851521330610694e+00 1.473991943498710544e+00
8.212821989349563978e+00 1.473832973110996480e+00
8.204378598519969756e+00 1.472491949206668593e+00
8.196170104635090325e+00 1.471150925302341150e+00
8.193868942456955295e+00 1.470772626829744301e+00
8.187620759098949819e+00 1.469809901398013707e+00
8.179334835287425776e+00 1.468468877493686042e+00
8.173886363583298120e+00 1.467517877130513293e+00
8.171504612857850347e+00 1.467127853589358377e+00
8.163325981533958497e+00 1.465786829685030934e+00
8.155537498530245344e+00 1.464445805780703269e+00
8.153903784709640945e+00 1.464155049683594667e+00
8.147484028029456482e+00 1.463104781876375604e+00
8.139555143077046750e+00 1.461763757972048161e+00
8.133921205835983770e+00 1.460776885156126692e+00
8.131756589461607732e+00 1.460422734067720496e+00
8.123729128076481842e+00 1.459081710163392831e+00
8.116133881905664538e+00 1.457740686259065388e+00
8.113938626962326595e+00 1.457350147517895378e+00
8.108311681969365026e+00 1.456399662354737723e+00
8.100805824339863292e+00 1.455058638450410280e+00
8.093956048088671196e+00 1.453808046251672703e+00
8.093418713325441161e+00 1.453717614546082615e+00
8.085565585386438769e+00 1.452376590641754950e+00
8.078278317650902096e+00 1.451035566737427507e+00
8.073973469215014021e+00 1.450242579153182110e+00
8.070757894111569186e+00 1.449694542833099842e+00
8.063162841179227769e+00 1.448353518928772399e+00
8.055866485906211238e+00 1.447012495024444734e+00
8.053990890341356845e+00 1.446654209324199414e+00
8.048546664869254741e+00 1.445671471120117069e+00
8.041337934055936998e+00 1.444330447215789626e+00
8.034636521508581097e+00 1.442989423311461961e+00
8.034008311467699670e+00 1.442866379671160493e+00
8.027094459914346558e+00 1.441648399407134296e+00
8.019824308386915845e+00 1.440307375502806853e+00
8.014025732594042495e+00 1.439168361005477070e+00
8.012920733205648460e+00 1.438966351598479188e+00
8.005695536400391887e+00 1.437625327694151522e+00
7.998708005965557533e+00 1.436284303789824079e+00
7.994043153720387096e+00 1.435355238108658504e+00
7.991808292993672680e+00 1.434943279885496636e+00
7.984757418750013436e+00 1.433602255981168749e+00
7.978113676672316856e+00 1.432261232076841306e+00
7.974060574846729921e+00 1.431400928805105277e+00
7.971659375308390416e+00 1.430920208172513641e+00
7.965017459045347081e+00 1.429579184268185976e+00
7.958707517882475990e+00 1.428238160363858533e+00
7.954077995973072746e+00 1.427209987629987520e+00
7.952519309866007191e+00 1.426897136459530868e+00
7.946030406251450628e+00 1.425556112555203203e+00
7.939928258158776231e+00 1.424215088650875760e+00
7.934095417099416458e+00 1.422915282841613394e+00
7.933894098372820558e+00 1.422874064746548317e+00
7.927541183420149906e+00 1.421533040842220430e+00
7.921507792675840598e+00 1.420192016937892987e+00
7.915712313559835067e+00 1.418850993033565322e+00
7.914112838225760171e+00 1.418470606897091146e+00
7.909754194863339194e+00 1.417509969129237657e+00
7.904064001040667975e+00 1.416168945224910214e+00
7.898591186744959636e+00 1.414827921320582549e+00
7.894130259352102996e+00 1.413709122420367281e+00
7.893153821589674379e+00 1.413486897416254884e+00
7.887579116137856339e+00 1.412145873511927441e+00
7.882291979103756674e+00 1.410804849607599776e+00
7.877065099767502687e+00 1.409463825703272111e+00
7.874147680478445821e+00 1.408684972190348716e+00
7.871858918335536082e+00 1.408122801798944668e+00
7.866556227664656120e+00 1.406781777894617003e+00
7.861681273385313418e+00 1.405440753990289560e+00
7.857096982498794624e+00 1.404099730085961895e+00
7.854165101604789534e+00 1.403232747345901643e+00
7.852420800540244272e+00 1.402758706181634452e+00
7.847488486091174664e+00 1.401417682277306787e+00
7.842847853395046087e+00 1.400076658372979121e+00
7.838423455224308611e+00 1.398735634468651678e+00
7.834182522731133247e+00 1.397395285636057194e+00
7.834180123663227135e+00 1.397394610564324013e+00
7.829435432941736828e+00 1.396053586659996348e+00
7.824959624008392289e+00 1.394712562755668905e+00
7.820588510908818236e+00 1.393371538851341240e+00
7.816478051883386513e+00 1.392030514947013575e+00
7.814199943857476072e+00 1.391258854660081035e+00
7.812383463615758750e+00 1.390689491042686132e+00
7.807863601404237741e+00 1.389348467138358245e+00
7.803906792457028452e+00 1.388007443234030802e+00
7.800024634124953948e+00 1.386666419329703359e+00
7.796178502291567725e+00 1.385325395425375694e+00
7.794217364983818896e+00 1.384606093962495788e+00
7.792364294600758967e+00 1.383984371521048251e+00
7.788382997219978066e+00 1.382643347616720586e+00
7.784188969095833244e+00 1.381302323712392921e+00
7.780654056061687918e+00 1.379961299808065256e+00
7.777142233755867551e+00 1.378620275903737813e+00
7.774234786110161721e+00 1.377492073423130625e+00
7.773614243828264492e+00 1.377279251999410148e+00
7.769903043796504427e+00 1.375938228095082483e+00
7.766233283754219840e+00 1.374597204190755040e+00
7.762876004284551712e+00 1.373256180286427375e+00
7.759564105851149307e+00 1.371915156382099710e+00
7.756490221086085768e+00 1.370574132477772267e+00
7.754252207236506322e+00 1.369595703791516517e+00
7.753346102341805768e+00 1.369233108573444380e+00
7.750035141605174260e+00 1.367892084669116937e+00
7.747004214616607598e+00 1.366551060764789494e+00
7.743923158161637232e+00 1.365210036860461829e+00
7.740987441184947748e+00 1.363869012956134164e+00
7.738447023663561630e+00 1.362527989051806721e+00
7.735826203378675991e+00 1.361186965147479055e+00
7.734269628362849147e+00 1.360308747156442788e+00
7.733372278514922371e+00 1.359845941243151612e+00
7.730897742120344418e+00 1.358504917338823947e+00
7.728833816155582959e+00 1.357163893434496282e+00
7.726496899882636882e+00 1.355822869530168839e+00
7.724485944279592786e+00 1.354481845625841174e+00
7.722460476927777151e+00 1.353140821721513509e+00
7.720679542831647701e+00 1.351799797817186066e+00
7.719012781798545220e+00 1.350458773912858401e+00
7.717478680725262663e+00 1.349117750008530958e+00
7.716064001980659448e+00 1.347776726104203293e+00
7.714380318057078689e+00 1.346435702199875628e+00
7.714287049489191972e+00 1.346298148201774625e+00
7.713368969844410117e+00 1.345094678295548185e+00
7.712261059003640895e+00 1.343753654391220520e+00
7.711197202696420838e+00 1.342412630486892855e+00
7.709377100654371873e+00 1.341071606582565412e+00
7.708365203777612251e+00 1.339730582678237747e+00
7.707439295332488172e+00 1.338389558773910082e+00
7.706767575988705765e+00 1.337048534869582639e+00
7.706131763235314125e+00 1.335707510965254974e+00
7.705550188746350670e+00 1.334366487060927309e+00
7.705186011484041586e+00 1.333025463156599866e+00
7.704417017370825072e+00 1.331684439252272201e+00
7.704452093293284953e+00 1.330343415347944536e+00
7.704299732735229611e+00 1.329002391443617093e+00
7.704094694120785292e+00 1.327661367539289428e+00
7.704299548309933243e+00 1.326320343634961763e+00
7.704553886930401774e+00 1.324979319730634320e+00
7.704589414133609537e+00 1.323638295826306654e+00
7.704327835528580692e+00 1.322297271921978989e+00
7.704282053585408185e+00 1.320956248017651546e+00
7.704651536390364264e+00 1.319615224113323881e+00
7.705252785456194076e+00 1.318274200208996438e+00
7.706088938362407603e+00 1.316933176304668773e+00
7.706833015156371758e+00 1.315592152400341108e+00
7.707527542897365080e+00 1.314251128496013665e+00
7.708262495749247378e+00 1.312910104591686000e+00
7.709513025314101320e+00 1.311569080687358335e+00
7.710377663517860469e+00 1.310228056783030892e+00
7.711268473043884519e+00 1.308887032878703005e+00
7.711762324594450213e+00 1.307546008974375562e+00
7.713168387122261827e+00 1.306204985070048119e+00
7.714287049489191972e+00 1.305102325946932318e+00
7.714509543201927499e+00 1.304863961165720454e+00
7.716196624811155758e+00 1.303522937261393011e+00
7.717841697790465361e+00 1.302181913357065346e+00
7.719725323954882867e+00 1.300840889452737681e+00
7.721297128351332972e+00 1.299499865548410238e+00
7.723759028269901350e+00 1.298158841644082573e+00
7.726308311340539525e+00 1.296817817739754908e+00
7.728269808464070856e+00 1.295476793835427465e+00
7.731222558303443293e+00 1.294135769931099578e+00
7.734154144671184561e+00 1.292794746026772135e+00
7.734269628362850035e+00 1.292744644183102976e+00
7.737114831143208526e+00 1.291453722122444692e+00
7.740406404201497281e+00 1.290112698218117027e+00
7.743324707501590076e+00 1.288771674313789362e+00
7.747077096384368033e+00 1.287430650409461919e+00
7.751135911625469888e+00 1.286089626505134254e+00
7.754252207236506322e+00 1.285162995458443591e+00
7.755565155482353035e+00 1.284748602600806588e+00
7.759811565886640672e+00 1.283407578696479145e+00
7.764635362541804753e+00 1.282066554792151702e+00
7.770089234417729251e+00 1.280725530887823815e+00
7.774234786110162609e+00 1.279695324961271474e+00
7.775463305403675918e+00 1.279384506983496372e+00
7.781246572091799152e+00 1.278043483079168707e+00
7.787632993284343996e+00 1.276702459174841042e+00
7.794054171920235419e+00 1.275361435270513599e+00
7.794217364983818896e+00 1.275327858700458616e+00
7.800395351270752897e+00 1.274020411366185934e+00
7.807451077842718412e+00 1.272679387461858491e+00
7.814199943857476072e+00 1.271457383026646459e+00
7.814825776511131750e+00 1.271338363557530826e+00
7.823009455064463324e+00 1.269997339653203161e+00
7.832006223894070196e+00 1.268656315748875718e+00
7.834182522731133247e+00 1.268333970715756376e+00
7.841212646375855577e+00 1.267315291844548053e+00
7.851447372880171471e+00 1.265974267940220388e+00
7.854165101604788646e+00 1.265650776807395239e+00
7.862710581045694980e+00 1.264633244035892945e+00
7.874147680478445821e+00 1.263310689590624536e+00
7.874312613301698072e+00 1.263292220131565280e+00
7.887134206870554110e+00 1.261951196227237615e+00
7.894130259352102996e+00 1.261269838052107239e+00
7.900979228667852183e+00 1.260610172322910172e+00
7.914112838225760171e+00 1.259300499875969148e+00
7.914433463719264594e+00 1.259269148418582507e+00
7.930319238494314860e+00 1.257928124514255064e+00
7.934095417099417347e+00 1.257621695051923894e+00
7.947636391812650913e+00 1.256587100609927621e+00
7.954077995973072746e+00 1.256102252103555861e+00
7.965701641395336097e+00 1.255246076705599734e+00
7.974060574846729921e+00 1.254698203470515416e+00
7.986148141834851444e+00 1.253905052801272291e+00
7.994043153720387096e+00 1.253403258594509628e+00
8.008066048508045043e+00 1.252564028896944626e+00
8.014025732594042495e+00 1.252216477614324752e+00
8.031897504361280582e+00 1.251223004992616961e+00
8.034008311467699670e+00 1.251112128292100500e+00
8.053990890341356845e+00 1.250091755926124204e+00
8.058256101693075379e+00 1.249881981088289518e+00
8.073973469215014021e+00 1.249093889928445611e+00
8.085563345007347635e+00 1.248540957183961631e+00
8.093956048088671196e+00 1.248132217627957896e+00
8.113938626962326595e+00 1.247239978249603087e+00
8.114828349908549399e+00 1.247199933279634187e+00
8.133921205835983770e+00 1.246376835151674189e+00
8.146933277867310252e+00 1.245858909375306744e+00
8.153903784709640945e+00 1.245582546206588814e+00
8.173886363583298120e+00 1.244780061552409389e+00
8.180932990497439050e+00 1.244517885470979079e+00
8.193868942456955295e+00 1.243996124581059792e+00
8.213851521330610694e+00 1.243187354491054997e+00
8.214130705335133342e+00 1.243176861566651414e+00
8.233834100204267870e+00 1.242472190706270130e+00
8.252519715606753792e+00 1.241835837662323971e+00
8.253816679077925045e+00 1.241763327862567934e+00
8.273799257951580444e+00 1.240739847049458167e+00
8.278387319912607012e+00 1.240494813757996306e+00
8.293781836825237619e+00 1.239939626599769529e+00
8.313764415698894794e+00 1.239273572361669018e+00
8.317510102925067983e+00 1.239153789853668641e+00
8.333746994572551969e+00 1.238634960589887868e+00
8.353729573446209145e+00 1.238033530827542306e+00
8.361535913873769488e+00 1.237812765949341198e+00
8.373712152319864543e+00 1.237445498506872354e+00
8.393694731193521719e+00 1.236855465180833669e+00
8.408000032311985450e+00 1.236471742045013755e+00
8.413677310067178894e+00 1.236314494111795614e+00
8.433659888940834293e+00 1.235823642260754696e+00
8.453642467814491468e+00 1.235347252830163001e+00
8.463483739161919317e+00 1.235130718140685868e+00
8.473625046688148643e+00 1.234892248148864224e+00
8.493607625561805818e+00 1.234456260708377551e+00
8.513590204435462994e+00 1.234060740487963326e+00
8.528174808572529741e+00 1.233789694236358425e+00
8.533572783309118392e+00 1.233691461783021470e+00
8.553555362182775568e+00 1.233347716166518948e+00
8.573537941056432743e+00 1.233017243733783630e+00
8.593520519930089918e+00 1.232743607685315990e+00
8.613503098803747093e+00 1.232471293201183649e+00
8.615392234815010042e+00 1.232448670332030760e+00
8.633485677677402492e+00 1.232213278042573412e+00
8.653468256551059667e+00 1.231972384669300702e+00
8.673450835424716843e+00 1.231778332495228501e+00
8.693433414298372242e+00 1.231588104662677985e+00
8.713415993172029417e+00 1.231415011795910619e+00
8.733398572045686592e+00 1.231267487500295355e+00
8.753381150919343767e+00 1.231132811818450135e+00
8.757688221308924881e+00 1.231107646427703095e+00
8.773363729793000942e+00 1.231010734774710569e+00
