9.512719148118298662e+00 1.346390889988926975e+00
9.532701726991955837e+00 1.346355536518629714e+00
9.552684305865613013e+00 1.346347969239037434e+00
9.572666884739270188e+00 1.346356359927542101e+00
9.592649463612927363e+00 1.346394155835597628e+00
9.609610445027836789e+00 1.346435702199875628e+00
9.612632042486584538e+00 1.346442873051982847e+00
9.632614621360239937e+00 1.346515773424027174e+00
9.652597200233897112e+00 1.346608927217579854e+00
9.672579779107554288e+00 1.346719238326133272e+00
9.692562357981209686e+00 1.346853664330593503e+00
9.712544936854868638e+00 1.346997274874857098e+00
9.732527515728524037e+00 1.347156850424179320e+00
9.752510094602181212e+00 1.347334039385214677e+00
9.772492673475838387e+00 1.347527011011007136e+00
9.792475252349493786e+00 1.347732274981996881e+00
9.796347868708650708e+00 1.347776726104203293e+00
9.812457831223150961e+00 1.347957159649597836e+00
9.832440410096808137e+00 1.348191420967231879e+00
9.852422988970463535e+00 1.348442524484126936e+00
9.872405567844122487e+00 1.348716514573766068e+00
9.892388146717777886e+00 1.349004677885089709e+00
9.899754949172264062e+00 1.349117750008530958e+00
9.912370725591435061e+00 1.349308122797073795e+00
9.932353304465092236e+00 1.349622492655267347e+00
9.952335883338747635e+00 1.349951198545951581e+00
9.972318462212404810e+00 1.350296538469911267e+00
9.981432573326618041e+00 1.350458773912858401e+00
9.992301041086061986e+00 1.350651851570527917e+00
1.001228361995971916e+01 1.351026245339541632e+00
1.003226619883337634e+01 1.351427754912944534e+00
1.004980935981636847e+01 1.351799797817186066e+00
1.005224877770703173e+01 1.351850164893458661e+00
1.007223135658068891e+01 1.352264945662054796e+00
1.009221393545434609e+01 1.352697261467358691e+00
1.011158970099439713e+01 1.353140821721513509e+00
1.011219651432800148e+01 1.353154629603195991e+00
1.013217909320166044e+01 1.353619281582956413e+00
1.015216167207531583e+01 1.354104189346550413e+00
1.016731558407375680e+01 1.354481845625841174e+00
1.017214425094897301e+01 1.354600342719555428e+00
1.019212682982263019e+01 1.355113067855815867e+00
1.021210940869628558e+01 1.355630807910871205e+00
1.021922019246915703e+01 1.355822869530168839e+00
1.023209198756994276e+01 1.356166798824283592e+00
1.025207456644359993e+01 1.356713720184912209e+00
1.026792821776278863e+01 1.357163893434496282e+00
1.027205714531725533e+01 1.357280436498116805e+00
1.029203972419091428e+01 1.357869030162154989e+00
1.031202230306456968e+01 1.358471912946769278e+00
1.031308936654497188e+01 1.358504917338823947e+00
1.033200488193822686e+01 1.359087390965509456e+00
1.035198746081188403e+01 1.359721170985063843e+00
1.035585991984778786e+01 1.359845941243151612e+00
1.037197003968553943e+01 1.360361062508363306e+00
1.039195261855919661e+01 1.361015579693878097e+00
1.039702073768528656e+01 1.361186965147478833e+00
1.041193519743285378e+01 1.361688660900131742e+00
1.043191777630651096e+01 1.362378319717401753e+00
1.043613263953191961e+01 1.362527989051806721e+00
1.045190035518016813e+01 1.363095663084580966e+00
1.047188293405382353e+01 1.363832105990564258e+00
1.047286614161251705e+01 1.363869012956134164e+00
1.049186551292748071e+01 1.364566651989504553e+00
1.050893949018567497e+01 1.365210036860461829e+00
1.051184809180113788e+01 1.365320461641520655e+00
1.053183067067479328e+01 1.366096245557763877e+00
1.054353250723604063e+01 1.366551060764789494e+00
1.055181324954845223e+01 1.366868110121369551e+00
1.057179582842210763e+01 1.367668970102093651e+00
1.057730156511864372e+01 1.367892084669116937e+00
1.059177840729576481e+01 1.368487908040265655e+00
1.060936609000243180e+01 1.369233108573444602e+00
1.061176098616942198e+01 1.369334177977623579e+00
1.063174356504307738e+01 1.370191150328040397e+00
1.064048015205263553e+01 1.370574132477772267e+00
1.065172614391673456e+01 1.371062243436635075e+00
1.067099169932710723e+01 1.371915156382099710e+00
1.067170872279039173e+01 1.371947299398292852e+00
1.069169130166404713e+01 1.372859411221469816e+00
1.070021373496893347e+01 1.373256180286427375e+00
1.071167388053770608e+01 1.373797865582404132e+00
1.072818705476799650e+01 1.374597204190755040e+00
1.073165645941136148e+01 1.374764161871298018e+00
1.075163903828501866e+01 1.375737027862785844e+00
1.075570902597478806e+01 1.375938228095082483e+00
1.077162161715867583e+01 1.376744879941198318e+00
1.078195045443359490e+01 1.377279251999410148e+00
1.079160419603233123e+01 1.377780645335161758e+00
1.080767703394280765e+01 1.378620275903737813e+00
1.081158677490598841e+01 1.378824952097351231e+00
1.083156935377964558e+01 1.379907905046994898e+00
1.083254357138957147e+01 1.379961299808065256e+00
1.085155193265330276e+01 1.381011529888416023e+00
1.085680126880535212e+01 1.381302323712392921e+00
1.087153451152695993e+01 1.382114154434621378e+00
1.088093216615516212e+01 1.382643347616720586e+00
1.089151709040061533e+01 1.383260388370631588e+00
1.090386470045231881e+01 1.383984371521048029e+00
1.091149966927427251e+01 1.384434268620304609e+00
1.092633485455927556e+01 1.385325395425375472e+00
1.093148224814792968e+01 1.385635467858785885e+00
1.094841375034046749e+01 1.386666419329703359e+00
1.095146482702158508e+01 1.386855756906022252e+00
1.097012424691640398e+01 1.388007443234030802e+00
1.097144740589524403e+01 1.388088524569454085e+00
1.099142998476889943e+01 1.389335557463752924e+00
1.099163749471437512e+01 1.389348467138358245e+00
1.101141256364255661e+01 1.390611225274097418e+00
1.101261391154899805e+01 1.390689491042686132e+00
1.103139514251621378e+01 1.391929151203815440e+00
1.103293117781676713e+01 1.392030514947013575e+00
1.105137772138986918e+01 1.393275058757245999e+00
1.105279647274776700e+01 1.393371538851341240e+00
1.107136030026352636e+01 1.394637760324442421e+00
1.107244600218215957e+01 1.394712562755668905e+00
1.109134287913718353e+01 1.396013278478122732e+00
1.109192942128462889e+01 1.396053586659996348e+00
1.111117826493953054e+01 1.397394610564324013e+00
1.111132545801083893e+01 1.397405101646795433e+00
1.112993514576379006e+01 1.398735634468651678e+00
1.113130803688449788e+01 1.398834901270057163e+00
1.114848979675575968e+01 1.400076658372979121e+00
1.115129061575815328e+01 1.400280189455631152e+00
1.116690520847054913e+01 1.401417682277306787e+00
1.117127319463181045e+01 1.401743213842312263e+00
1.118489315557675212e+01 1.402758706181634452e+00
1.119125577350546763e+01 1.403240862173279258e+00
1.120258265239228557e+01 1.404099730085961895e+00
1.121123835237912303e+01 1.404760957986531889e+00
1.122013408699255521e+01 1.405440753990289560e+00
1.123122093125278020e+01 1.406293992776476154e+00
1.123759300205160727e+01 1.406781777894617003e+00
1.125120351012643738e+01 1.407852571777866046e+00
1.125460634534795723e+01 1.408122801798944668e+00
1.127118608900009455e+01 1.409462038685847185e+00
1.127120841591074019e+01 1.409463825703272111e+00
1.128767307185051294e+01 1.410804849607599776e+00
1.129116866787375173e+01 1.411095593767953238e+00
1.130384368300568632e+01 1.412145873511927441e+00
1.131115124674740713e+01 1.412752136305176265e+00
1.132006802294428205e+01 1.413486897416254884e+00
1.133113382562106430e+01 1.414418056377150235e+00
1.133593459511755697e+01 1.414827921320582327e+00
1.135111640449472148e+01 1.416145424283316689e+00
1.135138865121799512e+01 1.416168945224910436e+00
1.136655839170021132e+01 1.417509969129237657e+00
1.137109898336837688e+01 1.417918289846721525e+00
1.138152497613216596e+01 1.418850993033565322e+00
1.139108156224203583e+01 1.419722058240731721e+00
1.139632565144428433e+01 1.420192016937892987e+00
1.141106414111568945e+01 1.421527861650597302e+00
1.141112073924612957e+01 1.421533040842220430e+00
1.142530264190208378e+01 1.422874064746548317e+00
1.143104671998934840e+01 1.423430470654516666e+00
1.143928773698947410e+01 1.424215088650875760e+00
1.145102929886300558e+01 1.425357172953369389e+00
1.145305041135314283e+01 1.425556112555203203e+00
1.146658834459703691e+01 1.426897136459530868e+00
1.147101187773666098e+01 1.427347549868172694e+00
1.147989479639672794e+01 1.428238160363858533e+00
1.149099445661031815e+01 1.429399998230455937e+00
1.149272751219003652e+01 1.429579184268185976e+00
1.150542911196909657e+01 1.430920208172513863e+00
1.151097703548397533e+01 1.431506956960148180e+00
1.151807883142861755e+01 1.432261232076841306e+00
1.153021741624696794e+01 1.433602255981168749e+00
1.153095961435763073e+01 1.433686335100087916e+00
1.154215363242543724e+01 1.434943279885496414e+00
1.155094219323128968e+01 1.435967448361127552e+00
1.155370750766907584e+01 1.436284303789824079e+00
1.156533975972239325e+01 1.437625327694151522e+00
1.157092477210494508e+01 1.438286198442417341e+00
1.157663597646002174e+01 1.438966351598478965e+00
1.158755474733517410e+01 1.440307375502806853e+00
1.159090735097860225e+01 1.440744888470559815e+00
1.159791643629453084e+01 1.441648399407134296e+00
1.160808118663192801e+01 1.442989423311461961e+00
1.161088992985225943e+01 1.443375582405063806e+00
1.161786879547586793e+01 1.444330447215789626e+00
1.162731924429005659e+01 1.445671471120117069e+00
1.163087250872591483e+01 1.446196088933697110e+00
1.163650045084885143e+01 1.447012495024444512e+00
1.164546976880928675e+01 1.448353518928772399e+00
1.165085508759957023e+01 1.449184350412954458e+00
1.165420596077626669e+01 1.449694542833099842e+00
1.166226401673410251e+01 1.451035566737427507e+00
1.167006202289698358e+01 1.452376590641754950e+00
1.167083766647322918e+01 1.452515763963470707e+00
1.167762015243965656e+01 1.453717614546082615e+00
1.168471111541132679e+01 1.455058638450410058e+00
1.169082024534688635e+01 1.456292314941120880e+00
1.169135554116452802e+01 1.456399662354737723e+00
1.169754668958171173e+01 1.457740686259065388e+00
1.170344473046619882e+01 1.459081710163392831e+00
1.170874491724908850e+01 1.460422734067720496e+00
1.171080282422054353e+01 1.460943199732061881e+00
1.171411932880117845e+01 1.461763757972048161e+00
1.171885062472206585e+01 1.463104781876375604e+00
1.172318391653050895e+01 1.464445805780703269e+00
1.172711319287924958e+01 1.465786829685030934e+00
1.173036793403590394e+01 1.467127853589358377e+00
1.173078540309419893e+01 1.467310145697483970e+00
1.173350313141319567e+01 1.468468877493686042e+00
1.173607196411261455e+01 1.469809901398013707e+00
1.173823342980271534e+01 1.471150925302341150e+00
1.173983783662190206e+01 1.472491949206668815e+00
1.174100282921166638e+01 1.473832973110996480e+00
1.174160499118269385e+01 1.475173997015323923e+00
1.174172972595535391e+01 1.476515020919651588e+00
1.174114376818160110e+01 1.477856044823979254e+00
1.174044427433731208e+01 1.479197068728306697e+00
1.173920491430484070e+01 1.480538092632634140e+00
1.173742009182508284e+01 1.481879116536962027e+00
1.173499647873597951e+01 1.483220140441289470e+00
1.173219886613359542e+01 1.484561164345616913e+00
1.173078540309419893e+01 1.485143948982564854e+00
1.172898508124207417e+01 1.485902188249944800e+00
1.172528518149570687e+01 1.487243212154272243e+00
1.172101770013975397e+01 1.488584236058599908e+00
1.171638986622655665e+01 1.489925259962927573e+00
1.171117721289205171e+01 1.491266283867255016e+00
1.171080282422054353e+01 1.491350146592387516e+00
1.170521408432314203e+01 1.492607307771582681e+00
1.169895268902842034e+01 1.493948331675910346e+00
1.169212839259190595e+01 1.495289355580237789e+00
1.169082024534688635e+01 1.495524182326996021e+00
1.168460046539329156e+01 1.496630379484565454e+00
1.167656793841081964e+01 1.497971403388892897e+00
1.167083766647322918e+01 1.498847579967486965e+00
1.166779771693861001e+01 1.499312427293220562e+00
1.165812992742832144e+01 1.500653451197548227e+00
1.165085508759957200e+01 1.501642301675327751e+00
1.164826870853613983e+01 1.501994475101875670e+00
1.163787259780432137e+01 1.503335499006203335e+00
1.163087250872591483e+01 1.504181563502081431e+00
1.162675029078406830e+01 1.504676522910530778e+00
1.161502442329312856e+01 1.506017546814858443e+00
1.161088992985225943e+01 1.506451570540507934e+00
1.160213639450753575e+01 1.507358570719186108e+00
1.159090735097860225e+01 1.508493564963815148e+00
1.158887168713804527e+01 1.508699594623513551e+00
1.157497865580312535e+01 1.510040618527841216e+00
1.157092477210494508e+01 1.510407994966680434e+00
1.156003647638844001e+01 1.511381642432168881e+00
1.155094219323128968e+01 1.512152923483143452e+00
1.154406737792403881e+01 1.512722666336496324e+00
1.153095961435763073e+01 1.513781117289044742e+00
1.152734887587560664e+01 1.514063690240823989e+00
1.151097703548397533e+01 1.515298224801758131e+00
1.150954465613303590e+01 1.515404714145151654e+00
1.149099445661031815e+01 1.516723848084165382e+00
1.149068435324456416e+01 1.516745738049479097e+00
1.147141433083332984e+01 1.518086761953806763e+00
1.147101187773666098e+01 1.518113857885762696e+00
1.145102929886300558e+01 1.519427638098528988e+00
1.145102702009718953e+01 1.519427785858134428e+00
1.143104671998934840e+01 1.520666695525640488e+00
1.142935757048443790e+01 1.520768809762461871e+00
1.141106414111569123e+01 1.521845027546941953e+00
1.140637443613724322e+01 1.522109833666789314e+00
1.139108156224203583e+01 1.522956992530924758e+00
1.138203324309039033e+01 1.523450857571117201e+00
1.137109898336837688e+01 1.524037973713153082e+00
1.135663632955708735e+01 1.524791881475444644e+00
1.135111640449472148e+01 1.525080753883134577e+00
1.133113382562106430e+01 1.526082938101818609e+00
1.133013106490817989e+01 1.526132905379772309e+00
1.131115124674740713e+01 1.527028474291532545e+00
1.130157939780830390e+01 1.527473929284099974e+00
1.129116866787375173e+01 1.527957544222634745e+00
1.127180101137401991e+01 1.528814953188427417e+00
1.127118608900009455e+01 1.528841599360163173e+00
1.125120351012643738e+01 1.529673992264665605e+00
1.123951989246883620e+01 1.530155977092755082e+00
1.123122093125278198e+01 1.530494647736222458e+00
1.121123835237912303e+01 1.531282832241380287e+00
1.120561358019057607e+01 1.531497000997082747e+00
1.119125577350546763e+01 1.532040434311137567e+00
1.117127319463181045e+01 1.532776882679344643e+00
1.116955577515658504e+01 1.532838024901410190e+00
1.115129061575815328e+01 1.533485710127669099e+00
1.113130803688449788e+01 1.534168596553209918e+00
1.113098998019560604e+01 1.534179048805737855e+00
1.111132545801083893e+01 1.534823732987713463e+00
1.109134287913718353e+01 1.535437630344927751e+00
1.108849527061363993e+01 1.535520072710065520e+00
1.107136030026352458e+01 1.536006363972697297e+00
1.105137772138986918e+01 1.536553670321742837e+00
1.103949988862833109e+01 1.536861096614392963e+00
1.103139514251621378e+01 1.537070790582016455e+00
1.101141256364255661e+01 1.537556375161539979e+00
1.099142998476889943e+01 1.538019962043211342e+00
1.098325083046126771e+01 1.538202120518720628e+00
1.097144740589524403e+01 1.538460020628140690e+00
1.095146482702158508e+01 1.538862820904162820e+00
1.093148224814792968e+01 1.539231177631608771e+00
1.091339837613771913e+01 1.539543144423048293e+00
1.091149966927427428e+01 1.539576443069782030e+00
1.089151709040061533e+01 1.539903812776100445e+00
1.087153451152695993e+01 1.540193741771871405e+00
1.085155193265330276e+01 1.540458352402004349e+00
1.083156935377964558e+01 1.540701136551123174e+00
1.081523269112725139e+01 1.540884168327375736e+00
1.081158677490598841e+01 1.540924423983089930e+00
1.079160419603233123e+01 1.541117251462644333e+00
1.077162161715867583e+01 1.541288283076046817e+00
1.075163903828501688e+01 1.541435119840404377e+00
1.073165645941136148e+01 1.541556321316134515e+00
1.071167388053770608e+01 1.541644219592431808e+00
1.069169130166404713e+01 1.541704317366660693e+00
1.067170872279039173e+01 1.541746686355155660e+00
1.065172614391673456e+01 1.541762646964991434e+00
1.063174356504307738e+01 1.541760932730542599e+00
1.061176098616942198e+01 1.541728251066674105e+00
1.059177840729576481e+01 1.541677477714112676e+00
1.057179582842210763e+01 1.541602452452183858e+00
1.055181324954845223e+01 1.541502768733348461e+00
1.053183067067479328e+01 1.541375866908367254e+00
1.051184809180113788e+01 1.541233552340303570e+00
1.049186551292748248e+01 1.541058687391667181e+00
1.047458667631414109e+01 1.540884168327375736e+00
1.047188293405382353e+01 1.540857088661263363e+00
1.045190035518016813e+01 1.540637474046094857e+00
1.043191777630651096e+01 1.540394338098484805e+00
1.041193519743285378e+01 1.540119428216509601e+00
1.039195261855919661e+01 1.539822818306458840e+00
1.037498869473781227e+01 1.539543144423048293e+00
1.037197003968553943e+01 1.539495293183139824e+00
1.035198746081188403e+01 1.539157078428630365e+00
1.033200488193822686e+01 1.538784217760083672e+00
1.031202230306456968e+01 1.538399988449569822e+00
1.030259337546566556e+01 1.538202120518720628e+00
1.029203972419091428e+01 1.537982046166630257e+00
1.027205714531725533e+01 1.537540023951648571e+00
1.025207456644359993e+01 1.537075166369544776e+00
1.024360723301431264e+01 1.536861096614392963e+00
1.023209198756994454e+01 1.536570672635359180e+00
1.021210940869628558e+01 1.536046751844829084e+00
1.019312086401713380e+01 1.535520072710065520e+00
1.019212682982263019e+01 1.535492926528184920e+00
1.017214425094897301e+01 1.534921381831068743e+00
1.015216167207531583e+01 1.534315359680767710e+00
1.014793010019214847e+01 1.534179048805738077e+00
1.013217909320166044e+01 1.533676655468354078e+00
1.011219651432800148e+01 1.533005836269057953e+00
1.010739192050026602e+01 1.532838024901410190e+00
1.009221393545434609e+01 1.532309536776373049e+00
1.007223135658068891e+01 1.531581532699825221e+00
1.006999974881826532e+01 1.531497000997082525e+00
1.005224877770703173e+01 1.530841633093799281e+00
1.003471054275886765e+01 1.530155977092755082e+00
1.003226619883337634e+01 1.530060289252760830e+00
1.001228361995971738e+01 1.529262778282838076e+00
1.000166465702138652e+01 1.528814953188427417e+00
9.992301041086061986e+00 1.528428343202123951e+00
9.972318462212404810e+00 1.527571344374625495e+00
9.970129009169996337e+00 1.527473929284099974e+00
9.952335883338747635e+00 1.526683381130689909e+00
9.940386241186825345e+00 1.526132905379772309e+00
9.932353304465092236e+00 1.525765450031042247e+00
9.912370725591433285e+00 1.524816801369734520e+00
9.911858999047829855e+00 1.524791881475444644e+00
9.892388146717777886e+00 1.523842777331260612e+00
9.884699976804334653e+00 1.523450857571117201e+00
9.872405567844122487e+00 1.522830639045186452e+00
9.858526831924248057e+00 1.522109833666789536e+00
9.852422988970463535e+00 1.521791972122343628e+00
9.833502583659038621e+00 1.520768809762461871e+00
9.832440410096808137e+00 1.520711287949679580e+00
9.812457831223150961e+00 1.519604896806241223e+00
9.809348064803518952e+00 1.519427785858134428e+00
9.792475252349493786e+00 1.518479166274762093e+00
9.785726917906217182e+00 1.518086761953806985e+00
9.772492673475838387e+00 1.517311212625427341e+00
9.763043489289147558e+00 1.516745738049479097e+00
9.752510094602181212e+00 1.516110131833108277e+00
9.741220037199843418e+00 1.515404714145151654e+00
9.732527515728524037e+00 1.514864291826424125e+00
9.719860263358597763e+00 1.514063690240823989e+00
9.712544936854868638e+00 1.513599843304445525e+00
9.699094368314192138e+00 1.512722666336496324e+00
9.692562357981209686e+00 1.512296231218073217e+00
9.678812599079343215e+00 1.511381642432168881e+00
9.672579779107554288e+00 1.510964099736098021e+00
9.659055468922542076e+00 1.510040618527841216e+00
9.652597200233897112e+00 1.509597037161676925e+00
9.639785947911246211e+00 1.508699594623513551e+00
9.632614621360239937e+00 1.508199238790516095e+00
9.620794895974832173e+00 1.507358570719186108e+00
9.612632042486584538e+00 1.506775088886532776e+00
9.602291400650475595e+00 1.506017546814858443e+00
9.592649463612927363e+00 1.505305989488505691e+00
9.584201110682617042e+00 1.504676522910530778e+00
9.572666884739270188e+00 1.503817097348088883e+00
9.566305754668219308e+00 1.503335499006203335e+00
9.552684305865613013e+00 1.502293451909592958e+00
9.548834515142743840e+00 1.501994475101875670e+00
9.532701726991955837e+00 1.500705742769403717e+00
9.532055641050956041e+00 1.500653451197548227e+00
9.515568736328198440e+00 1.499312427293220562e+00
9.512719148118300438e+00 1.499079360446220033e+00
9.499343698196490493e+00 1.497971403388892675e+00
9.492736569244643263e+00 1.497419761685952810e+00
9.483379849619460344e+00 1.496630379484565676e+00
9.472753990370986088e+00 1.495712884912807183e+00
9.467893274325602349e+00 1.495289355580237789e+00
9.452771411497330689e+00 1.493958950575536182e+00
9.452652122331516082e+00 1.493948331675910346e+00
9.437940305201085067e+00 1.492607307771582681e+00
9.432788832623671738e+00 1.492136161312861198e+00
9.423280756776414080e+00 1.491266283867255016e+00
9.412806253750016339e+00 1.490288709338864370e+00
9.408935513116155391e+00 1.489925259962927573e+00
9.394698728235265861e+00 1.488584236058599908e+00
9.392823674876359163e+00 1.488404873285413821e+00
9.380822684504293463e+00 1.487243212154272243e+00
9.372841096002701988e+00 1.486450582941922338e+00
9.367333160306930750e+00 1.485902188249944800e+00
9.353995535380548176e+00 1.484561164345617135e+00
9.352858517129046589e+00 1.484444514197807319e+00
9.340975152784462665e+00 1.483220140441289470e+00
9.332875938255389414e+00 1.482356972468077849e+00
9.328405463019741717e+00 1.481879116536962027e+00
9.315972839294635932e+00 1.480538092632634362e+00
9.312893359381732239e+00 1.480202634738426948e+00
9.303650657567004600e+00 1.479197068728306697e+00
9.292910780508075064e+00 1.477988918212444380e+00
9.291728901154325371e+00 1.477856044823979254e+00
9.279940157108395482e+00 1.476515020919651588e+00
9.272928201634417888e+00 1.475700979440537353e+00
9.268378474506416609e+00 1.475173997015323923e+00
9.257062321096796609e+00 1.473832973110996480e+00
9.252945622760762490e+00 1.473331646478843071e+00
9.246013826392688983e+00 1.472491949206668815e+00
9.235186657583074776e+00 1.471150925302341150e+00
9.232963043887105314e+00 1.470869855734224352e+00
9.224563789073059183e+00 1.469809901398013707e+00
9.214056849632127566e+00 1.468468877493686042e+00
9.212980465013448139e+00 1.468328341234862888e+00
9.203727337536582453e+00 1.467127853589358377e+00
9.193613804502286158e+00 1.465786829685030934e+00
9.192997886139792740e+00 1.465703327739221740e+00
9.183686655613980676e+00 1.464445805780703269e+00
9.173924128005806367e+00 1.463104781876375604e+00
9.173015307266135565e+00 1.462979427037154334e+00
9.164118165852865872e+00 1.461763757972048161e+00
9.154720626490506774e+00 1.460422734067720496e+00
9.153032728392478390e+00 1.460179607334078034e+00
9.145344137814699792e+00 1.459081710163392831e+00
9.136217415191657309e+00 1.457740686259065388e+00
9.133050149518821215e+00 1.457264480157109077e+00
9.127250594368481629e+00 1.456399662354737723e+00
9.118524766359261235e+00 1.455058638450410502e+00
9.113067570645164039e+00 1.454204782946163732e+00
9.109925905008802616e+00 1.453717614546082615e+00
9.101351018964194850e+00 1.452376590641754950e+00
9.093084991771508641e+00 1.451071970762411567e+00
9.092851183988212682e+00 1.451035566737427507e+00
9.084548630069406272e+00 1.449694542833099842e+00
9.076515581710772551e+00 1.448353518928772399e+00
9.073102412897851465e+00 1.447774059677647607e+00
9.068545264098215597e+00 1.447012495024444734e+00
9.060697857839862479e+00 1.445671471120117069e+00
9.053119834024194290e+00 1.444347568207741128e+00
9.053020892340741810e+00 1.444330447215789626e+00
9.045377771270075584e+00 1.442989423311461961e+00
9.037945259265256936e+00 1.441648399407134296e+00
9.033137255150538891e+00 1.440760024226449110e+00
9.030653290468396932e+00 1.440307375502806853e+00
9.023406610068827050e+00 1.438966351598479188e+00
9.016295012232914630e+00 1.437625327694151522e+00
9.013154676276881716e+00 1.437007094505169835e+00
9.009430040459950106e+00 1.436284303789824079e+00
9.002675120852721591e+00 1.434943279885496414e+00
8.996136719691195438e+00 1.433602255981168749e+00
8.993172097403224541e+00 1.432976925193684803e+00
8.989728135793370711e+00 1.432261232076841306e+00
8.983496651337583572e+00 1.430920208172513641e+00
8.977510666876638012e+00 1.429579184268185976e+00
8.973189518529567366e+00 1.428609589281401027e+00
8.971506691612196605e+00 1.428238160363858533e+00
8.965684354761362940e+00 1.426897136459530868e+00
8.960116668150080343e+00 1.425556112555203203e+00
8.954762238638165783e+00 1.424215088650875760e+00
8.953206939655910190e+00 1.423831545741344851e+00
8.949256237171358208e+00 1.422874064746548095e+00
8.944171620593149186e+00 1.421533040842220430e+00
8.939366552818878375e+00 1.420192016937892987e+00
8.934657626621138604e+00 1.418850993033565322e+00
8.933224360782254792e+00 1.418444951417481725e+00
8.929860324797710192e+00 1.417509969129237657e+00
8.925439492742821557e+00 1.416168945224910214e+00
8.921227504464253499e+00 1.414827921320582549e+00
8.917380040169231137e+00 1.413486897416254884e+00
8.913660768353253161e+00 1.412145873511927441e+00
8.913241781908597616e+00 1.411985956938744069e+00
8.910077577736000620e+00 1.410804849607599776e+00
8.906697347037498602e+00 1.409463825703272111e+00
8.903588257424807750e+00 1.408122801798944668e+00
8.900701870798528148e+00 1.406781777894617003e+00
8.898012397578435539e+00 1.405440753990289560e+00
8.895693588674001617e+00 1.404099730085961895e+00
8.893492321989167948e+00 1.402758706181634452e+00
8.893259203034940441e+00 1.402594318750854052e+00
8.891544202230713623e+00 1.401417682277306787e+00
8.890102944350521952e+00 1.400076658372979121e+00
8.888684935011658794e+00 1.398735634468651678e+00
8.887530131667492839e+00 1.397394610564324235e+00
8.886820297419754766e+00 1.396053586659996348e+00
8.886368383220927925e+00 1.394712562755668905e+00
8.886228075604961418e+00 1.393371538851341240e+00
8.886482018300826624e+00 1.392030514947013575e+00
8.886916861843300097e+00 1.390689491042686132e+00
8.887670801786104136e+00 1.389348467138358467e+00
8.888921640694752213e+00 1.388007443234030802e+00
8.890446211231353146e+00 1.386666419329703359e+00
8.892499499672387842e+00 1.385325395425375916e+00
8.893259203034940441e+00 1.384908442581477050e+00
8.894947820464018662e+00 1.383984371521048029e+00
8.897842267449899367e+00 1.382643347616720586e+00
8.901152996709500442e+00 1.381302323712392921e+00
8.905104359763132749e+00 1.379961299808065256e+00
8.909319520171873563e+00 1.378620275903737813e+00
8.913241781908597616e+00 1.377511657543153190e+00
8.914077019518458656e+00 1.377279251999410148e+00
8.919191408416660138e+00 1.375938228095082483e+00
8.924805687112151276e+00 1.374597204190755040e+00
8.931106299769162149e+00 1.373256180286427375e+00
8.933224360782254792e+00 1.372856403073774656e+00
8.938379023035125215e+00 1.371915156382099710e+00
8.946061235603142592e+00 1.370574132477772267e+00
8.953206939655910190e+00 1.369417768654039413e+00
8.954381931203183598e+00 1.369233108573444824e+00
8.963685359499018901e+00 1.367892084669116937e+00
8.973189518529567366e+00 1.366617503996999883e+00
8.973703769797829466e+00 1.366551060764789494e+00
8.984775234291262791e+00 1.365210036860462051e+00
8.993172097403224541e+00 1.364269481911541071e+00
8.996911813182244089e+00 1.363869012956134164e+00
9.010184465766840844e+00 1.362527989051806721e+00
9.013154676276881716e+00 1.362242346392250392e+00
9.024773015602104209e+00 1.361186965147479055e+00
9.033137255150538891e+00 1.360469139915118753e+00
9.040828959556804989e+00 1.359845941243151612e+00
9.053119834024194290e+00 1.358910632399265905e+00
9.058757536255289011e+00 1.358504917338823947e+00
9.073102412897851465e+00 1.357498943114163081e+00
9.078204479789931725e+00 1.357163893434496282e+00
9.093084991771508641e+00 1.356231944267270784e+00
9.100137907468784704e+00 1.355822869530168839e+00
9.113067570645164039e+00 1.355097423123111877e+00
9.124928450938996960e+00 1.354481845625841174e+00
9.133050149518821215e+00 1.354070016869787452e+00
9.153011415049771671e+00 1.353140821721513731e+00
9.153032728392478390e+00 1.353139866854658591e+00
9.173015307266135565e+00 1.352295654936741531e+00
9.186012866390340648e+00 1.351799797817186066e+00
9.192997886139792740e+00 1.351541433742236009e+00
9.212980465013448139e+00 1.350868397003658572e+00
9.226380590156173511e+00 1.350458773912858401e+00
9.232963043887105314e+00 1.350259479285528252e+00
9.252945622760762490e+00 1.349715046654555994e+00
9.272928201634417888e+00 1.349209171415531650e+00
9.276962106484475612e+00 1.349117750008530958e+00
9.292910780508075064e+00 1.348760296839343731e+00
9.312893359381732239e+00 1.348364238640018975e+00
9.332875938255389414e+00 1.348003684687651527e+00
9.347628409883016687e+00 1.347776726104203293e+00
9.352858517129046589e+00 1.347696085273401234e+00
9.372841096002701988e+00 1.347423259372911852e+00
9.392823674876360940e+00 1.347183649292084340e+00
9.412806253750016339e+00 1.346976740939892725e+00
9.432788832623671738e+00 1.346802832488324109e+00
9.452771411497330689e+00 1.346665396950240678e+00
9.472753990370986088e+00 1.346555394990428534e+00
9.492736569244643263e+00 1.346467723512013048e+00
9.501155560757045038e+00 1.346435702199875628e+00
9.512719148118298662e+00 1.346390889988926975e+00
