# R_km  M_sun   [Miller et al. 2026, arXiv:2609.00965; zenodo 22131748, contour95_mr.txt, columns swapped M,R -> R,M]
8.019043884436186431e+00 1.356060193200012920e+00
8.015655833471264202e+00 1.369623969308925160e+00
8.024551830196090307e+00 1.383187745417837400e+00
8.042647928732318263e+00 1.394249548950500017e+00
8.045454993232908691e+00 1.396751521526749640e+00
8.074957159870518097e+00 1.410315297635661880e+00
8.108051381670245306e+00 1.423879073744574342e+00
8.152789509598786566e+00 1.437442849853486360e+00
8.204082563982971976e+00 1.451006625962398822e+00
8.267791786071892801e+00 1.461332122880148798e+00
8.282479767266593740e+00 1.464570402071311062e+00
8.350684604219431151e+00 1.478134178180223302e+00
8.436226359315533330e+00 1.491697954289135541e+00
8.492935643411465563e+00 1.497266352446850579e+00
8.566746892167577343e+00 1.505261730398047781e+00
8.716507038498848559e+00 1.518825506506960021e+00
8.718079500751040101e+00 1.518950474971925146e+00
8.876802177236744029e+00 1.532389282615872261e+00
8.943223358090612862e+00 1.537131109633193216e+00
9.061559978991088116e+00 1.545953058724784723e+00
9.168367215430187400e+00 1.553753820843896349e+00
9.242209287253665195e+00 1.559516834833696963e+00
9.393511072769760162e+00 1.569839311698271178e+00
9.444794590185409788e+00 1.573080610942609203e+00
9.618654930109334700e+00 1.583397179049975678e+00
9.689135628580205051e+00 1.586644387051521443e+00
9.843798787448907461e+00 1.593992052276130167e+00
9.991162531148901849e+00 1.600208163160433683e+00
1.006894264478848200e+01 1.603740857554988519e+00
1.029408650212805476e+01 1.610165446812276135e+00
1.043740862806044234e+01 1.613771939269345923e+00
1.051923035946762930e+01 1.616324289769981437e+00
1.074437421680720206e+01 1.619893719918395592e+00
1.096951807414677660e+01 1.623108012399149036e+00
1.119466193148634936e+01 1.625427652626671327e+00
1.141980578882592212e+01 1.625901846114278904e+00
1.164494964616549666e+01 1.626846480347259760e+00
1.187009350350507120e+01 1.626473585033235247e+00
1.209523736084464396e+01 1.625379054437161352e+00
1.232038121818421672e+01 1.622676722595020493e+00
1.254552507552379126e+01 1.620152659717468691e+00
1.277066893286336402e+01 1.616322437348084229e+00
1.288460925831230419e+01 1.613771939269345923e+00
1.299581279020293678e+01 1.611534540401359905e+00
1.322095664754251132e+01 1.606669490684434098e+00
1.344610050488208586e+01 1.601011185889539057e+00
1.347001511091622916e+01 1.600208163160433905e+00
1.367124436222166040e+01 1.593934222240880771e+00
1.389638821956123316e+01 1.587630861663434700e+00
1.392325191796687989e+01 1.586644387051521221e+00
1.412153207690080592e+01 1.579395147249671449e+00
1.429863188596766754e+01 1.573080610942609203e+00
1.434667593424038046e+01 1.571141258359970649e+00
1.457181979157995499e+01 1.563649613916622716e+00
1.466234830399334044e+01 1.559516834833696741e+00
1.479696364891952776e+01 1.552957633779300517e+00
1.493051480924472330e+01 1.545953058724784723e+00
1.502210750625910052e+01 1.539528129938585899e+00
1.511427657365534394e+01 1.532389282615872261e+00
1.524725136359867506e+01 1.519793050650758204e+00
1.525954513996064144e+01 1.518825506506960021e+00
1.536473171704664153e+01 1.505261730398047781e+00
1.544543372168823758e+01 1.491697954289135541e+00
1.547239522093824959e+01 1.485717471337293150e+00
1.550983952579989733e+01 1.478134178180223302e+00
1.556412882652876917e+01 1.464570402071311062e+00
1.554697653315011507e+01 1.451006625962398600e+00
1.551461015346223427e+01 1.437442849853486582e+00
1.547239522093824959e+01 1.432170499385605478e+00
1.541363487268397314e+01 1.423879073744573898e+00
1.531792295692383377e+01 1.410315297635661880e+00
1.524725136359867506e+01 1.404544680316579974e+00
1.515447000178732395e+01 1.396751521526749640e+00
1.502210750625910052e+01 1.388469012103103584e+00
1.493019787793545738e+01 1.383187745417837400e+00
1.479696364891952776e+01 1.377434477041228789e+00
1.463089389403453389e+01 1.369623969308924938e+00
1.457181979157995499e+01 1.366923048803414087e+00
1.437251908003118750e+01 1.356060193200012920e+00
1.434667593424038046e+01 1.354687046754701862e+00
1.413471755328087021e+01 1.342496417091100458e+00
1.412153207690080592e+01 1.341711506450428804e+00
1.389638821956123316e+01 1.330586165032261681e+00
1.386327548099153084e+01 1.328932640982188218e+00
1.367124436222166040e+01 1.319736903444727716e+00
1.357879216136588596e+01 1.315368864873275978e+00
1.344610050488208586e+01 1.309694849944010198e+00
1.322095664754251132e+01 1.302224993204757153e+00
1.320671600352837771e+01 1.301805088764363738e+00
1.299581279020293856e+01 1.295440176953620792e+00
1.277066893286336580e+01 1.289142700103236727e+00
1.273314655839739196e+01 1.288241312655451498e+00
1.254552507552379126e+01 1.283127601323836187e+00
1.232038121818421672e+01 1.277853309867901022e+00
1.219286027259698102e+01 1.274677536546539258e+00
1.209523736084464574e+01 1.271737134140146441e+00
1.187009350350507120e+01 1.267966474768572605e+00
1.164494964616549666e+01 1.263212788164130851e+00
1.152882416419821787e+01 1.261113760437626796e+00
1.141980578882592212e+01 1.258611667712355331e+00
1.119466193148634936e+01 1.255464695366845795e+00
1.096951807414677660e+01 1.252894285775146166e+00
1.074437421680720206e+01 1.250291270661161303e+00
1.051923035946762930e+01 1.248732165855577003e+00
1.029408650212805476e+01 1.247685774441799733e+00
1.020041125516115699e+01 1.247549984328714556e+00
1.006894264478848200e+01 1.247286992875152434e+00
1.001229243331280827e+01 1.247549984328714556e+00
9.843798787448907461e+00 1.248155526387756620e+00
9.618654930109334700e+00 1.250228096285558310e+00
9.393511072769760162e+00 1.253556403053326385e+00
9.168367215430187400e+00 1.257276717711301117e+00
9.034619806326649183e+00 1.261113760437626796e+00
8.943223358090612862e+00 1.263747527459335052e+00
8.718079500751040101e+00 1.271047255213033411e+00
8.639556032668005869e+00 1.274677536546539258e+00
8.492935643411465563e+00 1.282271842746305568e+00
8.399642832649893975e+00 1.288241312655451498e+00
8.267791786071892801e+00 1.299338373634392862e+00
8.240243911794514986e+00 1.301805088764363738e+00
8.146759386894551369e+00 1.315368864873275978e+00
8.082434826852210819e+00 1.328932640982188218e+00
8.043034848634830425e+00 1.342496417091100458e+00
8.042647928732318263e+00 1.342773376242865746e+00
8.019043884436186431e+00 1.356060193200012920e+00
